ID	SOURCE_ID	TARGET_ID	MATCHES
1	6	10	0
2	6	9	0
3	6	8	0
4	6	7	0
5	6	11	0
6	6	13	0
7	6	14	0
8	6	12	0
9	6	17	0
10	6	19	0
11	6	15	0
12	6	16	1
13	6	20	0
14	6	21	0
15	6	22	0
16	6	23	0
17	6	24	0
18	6	26	0
19	6	25	0
20	6	27	0
21	6	28	0
22	6	29	0
23	6	39	0
24	6	104	0
25	6	30	4
26	6	105	0
27	6	40	1
28	6	106	0
29	6	107	1
30	6	108	0
31	6	109	0
32	6	112	0
33	6	111	0
34	6	110	0
35	6	113	0
36	6	114	0
37	6	115	0
38	6	122	0
39	6	123	0
40	6	117	11
41	6	125	0
42	6	124	0
43	6	126	2
44	6	128	0
45	6	127	3
46	6	131	3
47	6	132	3
48	6	134	5
49	6	136	5
50	6	135	3
51	6	138	5
52	6	140	4
53	6	141	1
54	6	142	3
55	6	145	0
56	6	143	8
57	6	144	4
58	6	147	0
59	6	150	0
60	6	149	1
61	6	148	4
62	6	152	1
63	6	153	0
64	6	146	26
65	6	154	0
66	6	155	0
67	6	156	0
68	6	157	0
69	6	158	0
70	6	159	0
71	6	160	0
72	6	161	0
73	6	162	0
74	6	164	0
75	6	163	0
76	6	165	1
77	6	166	3
78	6	167	0
79	6	169	0
80	6	168	0
81	6	170	0
82	6	171	0
83	6	175	0
84	6	176	3
85	6	174	1
86	6	177	0
87	6	178	0
88	6	179	0
89	6	180	0
90	6	183	0
91	6	190	0
92	6	205	0
93	6	207	0
94	6	208	0
95	6	206	0
96	6	209	0
97	6	211	0
98	6	210	0
99	6	212	0
100	6	213	0
101	6	221	0
102	6	222	6
103	6	231	0
104	6	232	0
105	6	220	21
106	6	233	1
107	6	223	12
108	6	234	1
109	6	235	0
110	6	236	0
111	6	239	3
112	6	244	2
113	6	241	9
114	6	245	11
115	7	8	0
116	7	9	0
117	7	10	0
118	6	243	79
119	7	11	0
120	7	12	0
121	7	13	0
122	7	14	0
123	7	15	0
124	7	17	0
125	7	19	0
126	7	16	1
127	7	20	0
128	7	21	0
129	7	22	0
130	7	23	0
131	7	24	0
132	7	25	0
133	7	26	0
134	7	27	0
135	7	28	0
136	7	29	0
137	7	39	0
138	7	104	0
139	7	30	5
140	7	40	5
141	7	105	0
142	7	106	1
143	7	109	0
144	7	108	0
145	7	107	0
146	7	110	1
147	7	112	0
148	7	111	0
149	7	113	0
150	7	114	0
151	7	115	0
152	7	122	0
153	7	123	0
154	7	117	8
155	7	125	0
156	7	124	3
157	7	126	4
158	7	128	0
159	7	127	1
160	7	131	11
161	7	132	2
162	7	134	12
163	7	136	5
164	7	135	8
165	7	140	3
166	7	141	4
167	7	138	17
168	7	145	0
169	7	142	11
170	7	147	0
171	7	143	7
172	7	144	5
173	7	150	0
174	7	149	2
175	7	148	6
176	7	152	2
177	7	153	2
178	7	146	27
179	7	154	0
180	7	155	4
181	7	156	0
182	7	157	0
183	7	158	0
184	7	159	0
185	7	160	0
186	7	161	1
187	7	162	0
188	7	164	1
189	7	163	5
190	7	165	0
191	7	166	1
192	7	167	1
193	7	169	0
194	7	168	2
195	7	170	1
196	7	175	0
197	7	171	0
198	7	176	1
199	7	177	0
200	7	178	0
201	7	174	8
202	7	179	0
203	7	183	0
204	7	180	0
205	7	190	0
206	7	205	0
207	7	207	0
208	7	208	0
209	7	206	0
210	7	209	0
211	7	210	0
212	7	211	0
213	7	212	1
214	7	213	0
215	7	221	0
216	7	222	6
217	7	231	0
218	7	232	1
219	7	220	25
220	7	233	1
221	7	223	15
222	7	234	5
223	7	235	0
224	7	236	2
225	7	239	1
226	7	244	0
227	7	245	2
228	7	241	4
229	8	9	0
230	8	10	0
231	7	243	18
232	8	11	0
233	8	12	0
234	8	13	0
235	8	14	0
236	8	15	0
237	8	17	0
238	8	16	1
239	8	19	0
240	8	20	0
241	8	21	0
242	8	22	0
243	8	23	0
244	8	24	0
245	8	25	0
246	8	26	0
247	8	27	0
248	8	28	0
249	8	29	0
250	8	39	0
251	8	30	0
252	8	40	1
253	8	104	0
254	8	105	0
255	8	106	0
256	8	108	0
257	8	107	0
258	8	109	0
259	8	110	0
260	8	112	0
261	8	111	0
262	8	113	0
263	8	114	0
264	8	115	0
265	8	122	0
266	8	117	3
267	8	123	0
268	8	124	2
269	8	125	0
270	8	126	0
271	8	127	0
272	8	128	0
273	8	131	2
274	8	132	2
275	8	134	4
276	8	135	6
277	8	136	3
278	8	138	4
279	8	140	1
280	8	141	1
281	8	142	1
282	8	145	0
283	8	143	7
284	8	144	2
285	8	147	0
286	8	149	1
287	8	148	3
288	8	150	0
289	8	146	5
290	8	152	0
291	8	153	0
292	8	154	0
293	8	155	0
294	8	156	0
295	8	157	0
296	8	158	0
297	8	159	0
298	8	160	0
299	8	161	0
300	8	162	0
301	8	163	0
302	8	164	0
303	8	165	0
304	8	166	0
305	8	167	1
306	8	169	0
307	8	168	1
308	8	170	0
309	8	171	0
310	8	175	0
311	8	176	0
312	8	174	1
313	8	177	0
314	8	178	0
315	8	179	0
316	8	180	1
317	8	183	0
318	8	190	0
319	8	205	0
320	8	207	0
321	8	206	0
322	8	208	0
323	8	209	0
324	8	210	0
325	8	211	0
326	8	212	0
327	8	213	0
328	8	221	0
329	8	222	3
330	8	231	0
331	8	220	3
332	8	232	0
333	8	233	1
334	8	223	6
335	8	234	0
336	8	235	0
337	8	236	0
338	8	239	2
339	8	244	0
340	8	241	3
341	8	245	2
342	8	243	14
343	9	10	0
344	9	11	0
345	9	12	0
346	9	13	0
347	9	14	0
348	9	15	0
349	9	17	0
350	9	16	1
351	9	19	0
352	9	20	0
353	9	21	0
354	9	22	0
355	9	23	0
356	9	24	0
357	9	25	0
358	9	26	0
359	9	27	0
360	9	28	0
361	9	29	0
362	9	39	0
363	9	30	2
364	9	104	0
365	9	40	0
366	9	105	0
367	9	106	0
368	9	108	0
369	9	107	0
370	9	109	0
371	9	110	0
372	9	111	0
373	9	112	0
374	9	113	0
375	9	114	0
376	9	115	0
377	9	122	0
378	9	117	2
379	9	123	0
380	9	124	0
381	9	125	0
382	9	126	0
383	9	127	1
384	9	128	0
385	9	131	0
386	9	132	0
387	9	134	1
388	9	135	1
389	9	136	0
390	9	138	1
391	9	140	1
392	9	141	0
393	9	142	0
394	9	145	0
395	9	143	1
396	9	144	0
397	9	147	0
398	9	149	2
399	9	148	0
400	9	150	0
401	9	146	4
402	9	152	0
403	9	153	0
404	9	154	0
405	9	155	1
406	9	156	0
407	9	157	0
408	9	158	0
409	9	159	0
410	9	160	0
411	9	161	0
412	9	162	0
413	9	163	0
414	9	164	0
415	9	165	0
416	9	166	0
417	9	167	0
418	9	169	0
419	9	168	1
420	9	170	0
421	9	171	0
422	9	175	0
423	9	176	1
424	9	174	0
425	9	177	0
426	9	178	0
427	9	179	0
428	9	180	0
429	9	183	0
430	9	190	0
431	9	205	0
432	9	207	0
433	9	206	0
434	9	208	0
435	9	209	0
436	9	210	0
437	9	211	0
438	9	212	0
439	9	213	0
440	9	221	0
441	9	222	0
442	9	231	0
443	9	220	2
444	9	232	0
445	9	223	1
446	9	233	0
447	9	234	0
448	9	235	0
449	9	236	0
450	9	239	0
451	9	244	0
452	9	241	0
453	9	245	1
454	9	243	1
455	10	11	0
456	10	12	0
457	10	13	0
458	10	14	0
459	10	15	0
460	10	16	0
461	10	17	0
462	10	19	0
463	10	20	0
464	10	21	0
465	10	22	0
466	10	23	0
467	10	24	0
468	10	25	0
469	10	26	0
470	10	27	0
471	10	28	0
472	10	29	0
473	10	39	0
474	10	30	1
475	10	40	0
476	10	104	0
477	10	105	0
478	10	106	1
479	10	108	0
480	10	107	0
481	10	109	0
482	10	110	0
483	10	111	0
484	10	112	0
485	10	113	0
486	10	114	0
487	10	115	0
488	10	122	0
489	10	117	0
490	10	123	0
491	10	124	0
492	10	125	0
493	10	126	0
494	10	127	1
495	10	128	0
496	10	131	1
497	10	132	0
498	10	134	0
499	10	135	1
500	10	136	0
501	10	138	0
502	10	140	0
503	10	141	0
504	10	142	1
505	10	145	0
506	10	143	0
507	10	144	0
508	10	147	0
509	10	149	0
510	10	148	4
511	10	150	0
512	10	146	2
513	10	152	0
514	10	153	0
515	10	154	0
516	10	155	0
517	10	156	0
518	10	157	0
519	10	158	0
520	10	159	0
521	10	160	0
522	10	161	0
523	10	162	0
524	10	163	0
525	10	164	0
526	10	165	1
527	10	166	0
528	10	167	0
529	10	168	0
530	10	169	0
531	10	170	0
532	10	171	0
533	10	175	0
534	10	174	0
535	10	176	0
536	10	177	0
537	10	178	0
538	10	179	0
539	10	180	0
540	10	183	0
541	10	190	0
542	10	205	0
543	10	207	0
544	10	206	0
545	10	208	0
546	10	209	0
547	10	211	0
548	10	210	0
549	10	212	0
550	10	213	0
551	10	221	0
552	10	222	2
553	10	231	0
554	10	220	0
555	10	232	0
556	10	223	0
557	10	233	0
558	10	234	0
559	10	235	0
560	10	236	0
561	10	239	0
562	10	241	0
563	10	244	0
564	10	245	0
565	10	243	6
566	11	12	0
567	11	13	0
568	11	14	0
569	11	15	0
570	11	16	0
571	11	17	0
572	11	19	0
573	11	20	0
574	11	21	0
575	11	22	0
576	11	23	0
577	11	24	0
578	11	25	0
579	11	26	0
580	11	27	0
581	11	28	0
582	11	29	0
583	11	39	0
584	11	30	2
585	11	40	0
586	11	104	0
587	11	105	0
588	11	106	0
589	11	108	0
590	11	107	0
591	11	109	0
592	11	110	0
593	11	111	0
594	11	112	0
595	11	113	0
596	11	114	0
597	11	115	0
598	11	122	0
599	11	117	3
600	11	123	0
601	11	124	0
602	11	125	0
603	11	126	2
604	11	127	1
605	11	128	0
606	11	131	2
607	11	132	5
608	11	135	4
609	11	134	3
610	11	136	3
611	11	138	3
612	11	140	2
613	11	141	2
614	11	142	1
615	11	145	0
616	11	143	6
617	11	144	0
618	11	147	0
619	11	149	0
620	11	150	0
621	11	148	3
622	11	146	10
623	11	152	0
624	11	153	0
625	11	154	0
626	11	155	0
627	11	156	0
628	11	157	0
629	11	158	0
630	11	159	0
631	11	160	0
632	11	162	0
633	11	161	0
634	11	163	0
635	11	164	0
636	11	165	0
637	11	166	0
638	11	167	0
639	11	169	0
640	11	168	0
641	11	170	0
642	11	171	0
643	11	175	0
644	11	176	1
645	11	174	4
646	11	177	0
647	11	178	0
648	11	179	0
649	11	183	0
650	11	180	0
651	11	190	0
652	11	205	0
653	11	207	0
654	11	206	0
655	11	208	0
656	11	209	0
657	11	210	0
658	11	211	0
659	11	212	0
660	11	213	0
661	11	221	1
662	11	222	1
663	11	231	0
664	11	220	9
665	11	232	0
666	11	233	0
667	11	223	4
668	11	234	0
669	11	235	0
670	11	236	0
671	11	239	0
672	11	244	0
673	11	241	6
674	11	245	1
675	11	243	10
676	12	13	0
677	12	14	0
678	12	15	0
679	12	17	0
680	12	16	6
681	12	19	0
682	12	20	0
683	12	21	0
684	12	23	0
685	12	22	0
686	12	24	0
687	12	25	0
688	12	26	0
689	12	27	0
690	12	28	0
691	12	29	0
692	12	39	0
693	12	104	0
694	12	40	6
695	12	105	0
696	12	30	10
697	12	106	0
698	12	107	1
699	12	109	0
700	12	108	0
701	12	110	1
702	12	111	0
703	12	112	0
704	12	113	0
705	12	114	0
706	12	115	0
707	12	122	0
708	12	123	0
709	12	125	0
710	12	117	10
711	12	124	7
712	12	126	3
713	12	128	0
714	12	127	8
715	12	131	5
716	12	132	11
717	12	134	21
718	12	136	9
719	12	135	17
720	12	138	24
721	12	140	7
722	12	141	5
723	12	142	8
724	12	145	0
725	12	143	11
726	12	144	14
727	12	147	0
728	12	150	2
729	12	149	3
730	12	148	13
731	12	153	0
732	12	152	0
733	12	154	0
734	12	146	38
735	12	156	1
736	12	155	0
737	12	157	0
738	12	158	0
739	12	159	0
740	12	160	0
741	12	161	2
742	12	162	1
743	12	164	1
744	12	163	6
745	12	165	0
746	12	166	5
747	12	167	2
748	12	168	3
749	12	169	0
750	12	170	1
751	12	171	1
752	12	175	5
753	12	177	0
754	12	174	12
755	12	176	6
756	12	178	0
757	12	183	0
758	12	179	0
759	12	180	0
760	12	190	0
761	12	205	0
762	12	207	1
763	12	208	0
764	12	206	2
765	12	209	0
766	12	211	0
767	12	210	0
768	12	212	0
769	12	213	0
770	12	221	0
771	12	222	8
772	12	231	0
773	12	232	0
774	12	233	0
775	12	220	33
776	12	223	27
777	12	234	2
778	12	235	0
779	12	236	0
780	12	239	4
781	12	244	0
782	12	241	11
783	12	245	8
784	12	243	37
785	13	14	0
786	13	15	0
787	13	17	0
788	13	16	1
789	13	19	0
790	13	20	0
791	13	21	0
792	13	22	0
793	13	23	0
794	13	24	0
795	13	25	0
796	13	26	0
797	13	27	0
798	13	28	0
799	13	29	0
800	13	39	0
801	13	104	0
802	13	30	0
803	13	40	0
804	13	105	0
805	13	106	0
806	13	108	0
807	13	107	0
808	13	109	0
809	13	112	0
810	13	110	0
811	13	111	0
812	13	113	0
813	13	114	0
814	13	115	0
815	13	122	0
816	13	123	0
817	13	117	5
818	13	125	0
819	13	124	1
820	13	128	0
821	13	126	4
822	13	127	3
823	13	131	1
824	13	132	3
825	13	134	3
826	13	136	4
827	13	135	11
828	13	138	3
829	13	140	4
830	13	141	2
831	13	142	1
832	13	145	0
833	13	143	3
834	13	144	5
835	13	147	0
836	13	150	0
837	13	149	1
838	13	148	5
839	13	146	13
840	13	152	0
841	13	153	0
842	13	154	0
843	13	155	0
844	13	156	0
845	13	157	0
846	13	158	0
847	13	159	0
848	13	160	0
849	13	161	0
850	13	162	0
851	13	164	0
852	13	163	3
853	13	165	0
854	13	166	1
855	13	169	0
856	13	167	1
857	13	168	0
858	13	170	0
859	13	171	0
860	13	175	1
861	13	176	1
862	13	174	2
863	13	177	0
864	13	178	0
865	13	180	0
866	13	179	0
867	13	183	0
868	13	190	0
869	13	205	0
870	13	207	0
871	13	206	3
872	13	208	0
873	13	209	0
874	13	210	0
875	13	211	0
876	13	212	0
877	13	213	0
878	13	221	0
879	13	222	7
880	13	231	0
881	13	232	0
882	13	220	9
883	13	233	0
884	13	223	11
885	13	234	0
886	13	235	0
887	13	236	0
888	13	239	3
889	13	244	0
890	13	241	12
891	13	245	1
892	13	243	15
893	14	15	0
894	14	17	0
895	14	19	0
896	14	16	0
897	14	20	0
898	14	21	0
899	14	23	0
900	14	22	0
901	14	24	0
902	14	25	0
903	14	26	0
904	14	27	0
905	14	28	0
906	14	29	0
907	14	39	0
908	14	30	2
909	14	104	0
910	14	40	0
911	14	105	0
912	14	106	0
913	14	107	0
914	14	108	0
915	14	109	0
916	14	110	0
917	14	111	0
918	14	112	0
919	14	113	0
920	14	114	0
921	14	115	0
922	14	122	0
923	14	117	1
924	14	123	0
925	14	125	0
926	14	124	0
927	14	126	1
928	14	127	0
929	14	128	0
930	14	131	1
931	14	132	0
932	14	136	2
933	14	134	0
934	14	135	1
935	14	138	0
936	14	141	3
937	14	140	1
938	14	142	1
939	14	145	0
940	14	143	1
941	14	144	0
942	14	147	0
943	14	149	0
944	14	150	0
945	14	148	2
946	14	146	6
947	14	152	0
948	14	153	0
949	14	154	0
950	14	155	0
951	14	156	0
952	14	157	0
953	14	158	0
954	14	159	0
955	14	160	0
956	14	161	0
957	14	162	0
958	14	163	4
959	14	164	0
960	14	165	0
961	14	166	1
962	14	167	0
963	14	169	0
964	14	168	1
965	14	170	0
966	14	171	0
967	14	175	0
968	14	177	0
969	14	176	0
970	14	174	1
971	14	178	0
972	14	180	0
973	14	179	0
974	14	183	0
975	14	190	0
976	14	207	0
977	14	205	0
978	14	206	0
979	14	208	0
980	14	209	0
981	14	210	0
982	14	211	0
983	14	212	0
984	14	213	0
985	14	221	0
986	14	222	2
987	14	231	0
988	14	220	2
989	14	232	0
990	14	223	3
991	14	233	0
992	14	234	1
993	14	235	0
994	14	236	0
995	14	239	0
996	14	244	0
997	14	241	1
998	14	245	3
999	14	243	4
1000	15	17	0
1001	15	20	0
1002	15	16	7
1003	15	19	0
1004	15	21	0
1005	15	23	0
1006	15	24	0
1007	15	22	0
1008	15	25	0
1009	15	26	0
1010	15	27	0
1011	15	28	0
1012	15	29	0
1013	15	39	0
1014	15	104	0
1015	15	40	2
1016	15	105	0
1017	15	30	12
1018	15	106	0
1019	15	108	0
1020	15	107	1
1021	15	109	0
1022	15	110	0
1023	15	111	0
1024	15	112	0
1025	15	113	0
1026	15	114	0
1027	15	115	0
1028	15	122	0
1029	15	123	0
1030	15	117	13
1031	15	124	3
1032	15	125	0
1033	15	126	5
1034	15	128	0
1035	15	127	4
1036	15	131	10
1037	15	132	3
1038	15	134	20
1039	15	136	13
1040	15	135	16
1041	15	138	30
1042	15	141	8
1043	15	140	6
1044	15	145	0
1045	15	142	12
1046	15	143	18
1047	15	144	13
1048	15	147	0
1049	15	150	1
1050	15	149	1
1051	15	148	8
1052	15	152	0
1053	15	153	0
1054	15	146	39
1055	15	154	2
1056	15	155	3
1057	15	156	0
1058	15	157	1
1059	15	158	0
1060	15	159	0
1061	15	160	0
1062	15	161	5
1063	15	162	1
1064	15	164	2
1065	15	163	7
1066	15	165	0
1067	15	166	3
1068	15	167	2
1069	15	169	0
1070	15	168	3
1071	15	170	1
1072	15	175	0
1073	15	171	0
1074	15	176	3
1075	15	177	0
1076	15	178	0
1077	15	174	7
1078	15	183	0
1079	15	180	0
1080	15	179	1
1081	15	190	1
1082	15	205	1
1083	15	207	0
1084	15	208	0
1085	15	206	4
1086	15	209	2
1087	15	210	0
1088	15	211	0
1089	15	212	0
1090	15	213	1
1091	15	221	0
1092	15	222	12
1093	15	231	0
1094	15	232	2
1095	15	220	25
1096	15	233	1
1097	15	223	19
1098	15	234	2
1099	15	235	1
1100	15	236	1
1101	15	239	3
1102	15	244	0
1103	15	245	5
1104	15	241	10
1105	15	243	22
1106	16	17	0
1107	16	19	1
1108	16	20	0
1109	16	21	0
1110	16	23	0
1111	16	24	3
1112	16	22	7
1113	16	26	1
1114	16	27	3
1115	16	28	2
1116	16	25	6
1117	16	29	0
1118	16	39	4
1119	16	104	2
1120	16	105	4
1121	16	106	13
1122	16	40	30
1123	16	107	6
1124	16	108	2
1125	16	109	3
1126	16	30	51
1127	16	110	10
1128	16	112	6
1129	16	111	6
1130	16	114	1
1131	16	113	5
1132	16	115	1
1133	16	123	0
1134	16	122	1
1135	16	125	6
1136	16	124	26
1137	16	117	70
1138	16	126	27
1139	16	128	7
1140	16	127	25
1141	16	132	26
1142	16	131	43
1143	16	134	100
1144	16	136	52
1145	16	135	78
1146	16	141	26
1147	16	140	36
1148	16	138	70
1149	16	145	0
1150	16	143	68
1151	16	142	35
1152	16	144	42
1153	16	147	4
1154	16	150	1
1155	16	149	11
1156	16	148	35
1157	16	152	9
1158	16	153	6
1159	16	146	169
1160	16	154	5
1161	16	155	8
1162	16	156	6
1163	16	158	0
1164	16	157	7
1165	16	159	4
1166	16	160	5
1167	16	162	5
1168	16	161	10
1169	16	164	9
1170	16	163	24
1171	16	165	11
1172	16	166	12
1173	16	167	16
1174	16	169	4
1175	16	168	10
1176	16	170	8
1177	16	175	10
1178	16	171	6
1179	16	177	2
1180	16	178	0
1181	16	176	23
1182	16	180	11
1183	16	179	5
1184	16	174	55
1185	16	183	1
1186	16	190	5
1187	16	205	5
1188	16	207	4
1189	16	208	4
1190	16	206	16
1191	16	209	5
1192	16	210	14
1193	16	211	4
1194	16	212	6
1195	16	213	4
1196	16	221	12
1197	16	231	5
1198	16	222	40
1199	16	232	4
1200	16	233	5
1201	16	220	149
1202	16	223	107
1203	16	235	4
1204	16	234	3
1205	16	236	7
1206	16	239	27
1207	16	244	8
1208	16	245	20
1209	16	241	62
1210	17	19	0
1211	17	20	0
1212	17	21	0
1213	17	22	0
1214	17	23	0
1215	16	243	134
1216	17	24	0
1217	17	25	0
1218	17	26	0
1219	17	27	0
1220	17	28	0
1221	17	29	0
1222	17	39	0
1223	17	30	2
1224	17	104	0
1225	17	40	1
1226	17	105	0
1227	17	108	0
1228	17	106	0
1229	17	107	0
1230	17	109	0
1231	17	110	0
1232	17	112	0
1233	17	111	0
1234	17	113	0
1235	17	114	0
1236	17	115	0
1237	17	122	0
1238	17	123	0
1239	17	117	4
1240	17	124	0
1241	17	125	0
1242	17	126	1
1243	17	127	2
1244	17	128	1
1245	17	131	3
1246	17	132	3
1247	17	134	4
1248	17	135	7
1249	17	136	1
1250	17	138	4
1251	17	141	5
1252	17	140	4
1253	17	142	1
1254	17	145	0
1255	17	143	8
1256	17	144	2
1257	17	147	0
1258	17	150	0
1259	17	149	2
1260	17	148	1
1261	17	146	9
1262	17	152	0
1263	17	153	0
1264	17	154	0
1265	17	155	0
1266	17	157	0
1267	17	156	0
1268	17	158	0
1269	17	159	0
1270	17	160	0
1271	17	161	0
1272	17	162	0
1273	17	163	1
1274	17	164	0
1275	17	165	0
1276	17	166	0
1277	17	167	0
1278	17	169	0
1279	17	168	0
1280	17	170	0
1281	17	171	0
1282	17	175	0
1283	17	176	1
1284	17	174	2
1285	17	177	0
1286	17	178	0
1287	17	180	0
1288	17	179	0
1289	17	183	0
1290	17	190	0
1291	17	205	0
1292	17	207	0
1293	17	206	0
1294	17	208	0
1295	17	209	0
1296	17	210	0
1297	17	211	0
1298	17	212	0
1299	17	213	0
1300	17	221	0
1301	17	222	1
1302	17	231	0
1303	17	232	0
1304	17	220	4
1305	17	233	0
1306	17	223	6
1307	17	234	0
1308	17	235	0
1309	17	236	0
1310	17	239	2
1311	17	244	0
1312	17	241	3
1313	17	245	0
1314	17	243	11
1315	19	20	0
1316	19	21	0
1317	19	23	0
1318	19	22	0
1319	19	24	0
1320	19	25	0
1321	19	26	0
1322	19	27	0
1323	19	28	0
1324	19	29	0
1325	19	39	0
1326	19	104	0
1327	19	40	0
1328	19	30	4
1329	19	105	0
1330	19	108	0
1331	19	106	0
1332	19	107	0
1333	19	109	0
1334	19	111	0
1335	19	110	0
1336	19	112	0
1337	19	113	0
1338	19	114	0
1339	19	115	0
1340	19	122	0
1341	19	117	1
1342	19	123	0
1343	19	125	0
1344	19	124	1
1345	19	126	2
1346	19	127	1
1347	19	128	0
1348	19	131	2
1349	19	132	0
1350	19	134	0
1351	19	136	1
1352	19	135	5
1353	19	138	1
1354	19	140	2
1355	19	141	0
1356	19	142	0
1357	19	145	0
1358	19	143	3
1359	19	144	1
1360	19	147	0
1361	19	150	0
1362	19	149	0
1363	19	148	2
1364	19	146	10
1365	19	153	0
1366	19	152	0
1367	19	154	0
1368	19	155	0
1369	19	157	0
1370	19	156	0
1371	19	158	0
1372	19	159	0
1373	19	160	0
1374	19	161	0
1375	19	162	0
1376	19	163	2
1377	19	164	0
1378	19	165	0
1379	19	166	0
1380	19	167	1
1381	19	169	0
1382	19	168	0
1383	19	170	0
1384	19	171	0
1385	19	175	0
1386	19	176	3
1387	19	174	4
1388	19	177	0
1389	19	178	0
1390	19	179	0
1391	19	180	0
1392	19	183	0
1393	19	190	0
1394	19	205	0
1395	19	207	0
1396	19	206	0
1397	19	208	0
1398	19	209	0
1399	19	211	0
1400	19	210	0
1401	19	212	0
1402	19	213	0
1403	19	221	0
1404	19	222	1
1405	19	231	0
1406	19	220	5
1407	19	232	0
1408	19	233	0
1409	19	223	3
1410	19	235	0
1411	19	234	0
1412	19	236	0
1413	19	239	1
1414	19	244	0
1415	19	245	0
1416	19	241	1
1417	19	243	6
1418	20	21	0
1419	20	22	0
1420	20	23	0
1421	20	24	0
1422	20	25	0
1423	20	26	0
1424	20	27	0
1425	20	28	0
1426	20	29	0
1427	20	39	0
1428	20	30	0
1429	20	40	0
1430	20	104	0
1431	20	105	0
1432	20	106	0
1433	20	108	0
1434	20	107	0
1435	20	109	0
1436	20	110	0
1437	20	112	0
1438	20	111	0
1439	20	113	0
1440	20	114	0
1441	20	115	0
1442	20	122	0
1443	20	117	0
1444	20	123	0
1445	20	124	0
1446	20	125	0
1447	20	126	1
1448	20	127	0
1449	20	128	0
1450	20	131	1
1451	20	132	0
1452	20	134	0
1453	20	135	0
1454	20	136	0
1455	20	138	0
1456	20	140	0
1457	20	141	1
1458	20	142	1
1459	20	145	0
1460	20	143	0
1461	20	144	0
1462	20	147	0
1463	20	149	0
1464	20	148	2
1465	20	146	1
1466	20	150	0
1467	20	152	0
1468	20	153	0
1469	20	154	0
1470	20	155	0
1471	20	156	0
1472	20	157	0
1473	20	158	0
1474	20	159	0
1475	20	160	0
1476	20	161	0
1477	20	162	0
1478	20	163	0
1479	20	164	0
1480	20	165	0
1481	20	166	0
1482	20	167	0
1483	20	168	0
1484	20	169	0
1485	20	170	0
1486	20	171	0
1487	20	175	0
1488	20	174	1
1489	20	177	0
1490	20	176	0
1491	20	178	0
1492	20	179	0
1493	20	180	0
1494	20	183	0
1495	20	190	0
1496	20	205	0
1497	20	207	0
1498	20	206	0
1499	20	208	0
1500	20	209	0
1501	20	210	0
1502	20	211	0
1503	20	212	0
1504	20	213	0
1505	20	221	0
1506	20	222	0
1507	20	231	0
1508	20	220	1
1509	20	232	0
1510	20	223	1
1511	20	233	0
1512	20	234	1
1513	20	235	0
1514	20	236	0
1515	20	239	0
1516	20	241	1
1517	20	244	0
1518	20	245	0
1519	20	243	0
1520	21	23	0
1521	21	24	0
1522	21	22	0
1523	21	25	0
1524	21	26	0
1525	21	27	0
1526	21	28	0
1527	21	29	0
1528	21	39	0
1529	21	104	0
1530	21	40	0
1531	21	30	3
1532	21	105	0
1533	21	106	0
1534	21	107	0
1535	21	108	0
1536	21	109	0
1537	21	110	0
1538	21	111	0
1539	21	112	0
1540	21	113	0
1541	21	114	0
1542	21	115	0
1543	21	122	0
1544	21	123	0
1545	21	117	3
1546	21	124	1
1547	21	125	0
1548	21	126	0
1549	21	128	0
1550	21	127	2
1551	21	131	2
1552	21	132	3
1553	21	134	3
1554	21	136	2
1555	21	135	5
1556	21	138	2
1557	21	141	0
1558	21	140	3
1559	21	145	0
1560	21	142	1
1561	21	143	0
1562	21	144	1
1563	21	147	0
1564	21	150	0
1565	21	149	0
1566	21	148	1
1567	21	152	0
1568	21	153	0
1569	21	146	7
1570	21	154	0
1571	21	155	0
1572	21	156	0
1573	21	157	0
1574	21	158	0
1575	21	159	0
1576	21	160	0
1577	21	162	0
1578	21	161	0
1579	21	164	0
1580	21	163	0
1581	21	165	1
1582	21	166	0
1583	21	169	0
1584	21	167	0
1585	21	168	0
1586	21	170	0
1587	21	171	0
1588	21	175	1
1589	21	176	1
1590	21	174	2
1591	21	177	0
1592	21	178	0
1593	21	179	0
1594	21	180	0
1595	21	183	0
1596	21	190	0
1597	21	205	0
1598	21	207	0
1599	21	208	0
1600	21	206	0
1601	21	209	0
1602	21	210	0
1603	21	211	0
1604	21	212	0
1605	21	213	0
1606	21	221	0
1607	21	222	0
1608	21	231	0
1609	21	232	0
1610	21	220	16
1611	21	223	5
1612	21	233	0
1613	21	234	0
1614	21	235	0
1615	21	236	0
1616	21	239	0
1617	21	244	0
1618	21	245	1
1619	21	241	4
1620	21	243	7
1621	22	23	0
1622	22	24	0
1623	22	25	0
1624	22	26	0
1625	22	27	0
1626	22	28	0
1627	22	29	0
1628	22	39	0
1629	22	104	0
1630	22	40	8
1631	22	105	0
1632	22	30	11
1633	22	106	3
1634	22	108	0
1635	22	109	0
1636	22	107	1
1637	22	110	3
1638	22	112	0
1639	22	111	1
1640	22	113	1
1641	22	114	0
1642	22	115	0
1643	22	122	0
1644	22	123	0
1645	22	125	0
1646	22	117	15
1647	22	124	2
1648	22	126	3
1649	22	128	2
1650	22	127	10
1651	22	131	10
1652	22	132	5
1653	22	136	13
1654	22	134	20
1655	22	135	21
1656	22	138	20
1657	22	141	4
1658	22	140	6
1659	22	145	0
1660	22	142	8
1661	22	143	13
1662	22	147	0
1663	22	144	10
1664	22	150	2
1665	22	149	2
1666	22	148	13
1667	22	152	2
1668	22	153	0
1669	22	154	1
1670	22	146	56
1671	22	155	1
1672	22	156	0
1673	22	157	0
1674	22	158	0
1675	22	159	0
1676	22	160	0
1677	22	161	0
1678	22	162	0
1679	22	164	4
1680	22	163	2
1681	22	165	0
1682	22	166	3
1683	22	167	2
1684	22	168	1
1685	22	169	0
1686	22	170	0
1687	22	171	1
1688	22	175	4
1689	22	177	0
1690	22	176	5
1691	22	178	0
1692	22	174	10
1693	22	179	1
1694	22	183	2
1695	22	180	0
1696	22	190	0
1697	22	205	0
1698	22	207	1
1699	22	208	0
1700	22	206	5
1701	22	209	1
1702	22	210	0
1703	22	211	0
1704	22	212	1
1705	22	213	1
1706	22	221	1
1707	22	222	10
1708	22	231	0
1709	22	232	0
1710	22	233	0
1711	22	220	44
1712	22	223	25
1713	22	234	1
1714	22	235	0
1715	22	236	0
1716	22	239	5
1717	22	244	0
1718	22	241	15
1719	22	245	12
1720	22	243	46
1721	23	24	0
1722	23	25	0
1723	23	26	0
1724	23	27	0
1725	23	28	0
1726	23	29	0
1727	23	30	0
1728	23	39	0
1729	23	104	0
1730	23	40	0
1731	23	105	0
1732	23	106	0
1733	23	107	0
1734	23	108	0
1735	23	109	0
1736	23	110	0
1737	23	112	0
1738	23	111	0
1739	23	113	0
1740	23	114	0
1741	23	115	0
1742	23	117	0
1743	23	122	0
1744	23	123	0
1745	23	124	0
1746	23	125	0
1747	23	126	0
1748	23	127	0
1749	23	128	0
1750	23	131	0
1751	23	132	0
1752	23	134	0
1753	23	135	2
1754	23	136	0
1755	23	138	0
1756	23	140	0
1757	23	141	2
1758	23	142	0
1759	23	145	0
1760	23	143	0
1761	23	144	0
1762	23	147	0
1763	23	149	0
1764	23	148	0
1765	23	146	0
1766	23	150	0
1767	23	152	0
1768	23	153	0
1769	23	154	0
1770	23	155	0
1771	23	156	0
1772	23	157	0
1773	23	158	0
1774	23	159	0
1775	23	160	0
1776	23	161	0
1777	23	162	0
1778	23	163	1
1779	23	164	0
1780	23	165	0
1781	23	166	0
1782	23	167	1
1783	23	169	0
1784	23	168	0
1785	23	170	0
1786	23	171	0
1787	23	175	0
1788	23	174	0
1789	23	177	0
1790	23	176	0
1791	23	178	0
1792	23	179	0
1793	23	180	0
1794	23	183	0
1795	23	190	0
1796	23	205	0
1797	23	207	0
1798	23	206	0
1799	23	208	0
1800	23	209	0
1801	23	210	0
1802	23	211	0
1803	23	212	0
1804	23	213	0
1805	23	221	0
1806	23	222	0
1807	23	231	0
1808	23	220	0
1809	23	232	0
1810	23	223	0
1811	23	233	0
1812	23	234	0
1813	23	235	0
1814	23	236	0
1815	23	239	0
1816	23	241	0
1817	23	244	0
1818	23	245	0
1819	23	243	0
1820	24	25	0
1821	24	26	0
1822	24	27	0
1823	24	28	0
1824	24	29	0
1825	24	39	0
1826	24	104	0
1827	24	40	1
1828	24	30	2
1829	24	105	0
1830	24	106	0
1831	24	107	0
1832	24	108	0
1833	24	109	0
1834	24	110	0
1835	24	112	0
1836	24	111	1
1837	24	113	0
1838	24	114	0
1839	24	115	0
1840	24	122	0
1841	24	123	0
1842	24	117	3
1843	24	124	1
1844	24	125	0
1845	24	126	1
1846	24	127	2
1847	24	128	0
1848	24	131	0
1849	24	132	0
1850	24	134	9
1851	24	135	6
1852	24	136	1
1853	24	138	2
1854	24	140	3
1855	24	141	2
1856	24	142	2
1857	24	145	0
1858	24	143	0
1859	24	144	0
1860	24	147	0
1861	24	149	0
1862	24	150	0
1863	24	148	4
1864	24	146	17
1865	24	153	0
1866	24	152	0
1867	24	154	0
1868	24	155	0
1869	24	157	0
1870	24	156	0
1871	24	158	0
1872	24	159	0
1873	24	160	0
1874	24	161	1
1875	24	162	0
1876	24	163	0
1877	24	164	0
1878	24	165	0
1879	24	166	0
1880	24	167	0
1881	24	169	0
1882	24	168	0
1883	24	170	0
1884	24	171	0
1885	24	175	0
1886	24	176	2
1887	24	174	4
1888	24	177	0
1889	24	178	0
1890	24	179	0
1891	24	180	0
1892	24	183	0
1893	24	190	0
1894	24	205	0
1895	24	206	0
1896	24	207	0
1897	24	208	0
1898	24	209	0
1899	24	211	0
1900	24	210	0
1901	24	212	0
1902	24	213	0
1903	24	221	0
1904	24	222	2
1905	24	231	0
1906	24	232	0
1907	24	220	4
1908	24	223	5
1909	24	233	0
1910	24	234	0
1911	24	235	0
1912	24	236	0
1913	24	239	4
1914	24	244	0
1915	24	245	0
1916	24	241	3
1917	24	243	16
1918	25	26	0
1919	25	27	0
1920	25	28	0
1921	25	29	0
1922	25	39	0
1923	25	104	0
1924	25	105	0
1925	25	40	4
1926	25	30	2
1927	25	106	0
1928	25	108	0
1929	25	109	0
1930	25	107	0
1931	25	110	0
1932	25	111	0
1933	25	112	0
1934	25	113	0
1935	25	114	0
1936	25	115	0
1937	25	122	0
1938	25	123	0
1939	25	117	13
1940	25	125	0
1941	25	124	2
1942	25	126	4
1943	25	128	0
1944	25	127	0
1945	25	131	9
1946	25	132	6
1947	25	134	12
1948	25	136	12
1949	25	135	12
1950	25	140	3
1951	25	141	7
1952	25	138	10
1953	25	145	0
1954	25	142	5
1955	25	147	0
1956	25	143	9
1957	25	144	10
1958	25	150	0
1959	25	149	4
1960	25	148	6
1961	25	152	4
1962	25	153	3
1963	25	146	18
1964	25	154	0
1965	25	155	2
1966	25	156	1
1967	25	157	0
1968	25	158	0
1969	25	159	0
1970	25	160	0
1971	25	161	0
1972	25	162	2
1973	25	164	0
1974	25	163	3
1975	25	165	0
1976	25	166	2
1977	25	169	0
1978	25	167	1
1979	25	168	0
1980	25	170	1
1981	25	175	0
1982	25	171	0
1983	25	177	0
1984	25	178	0
1985	25	176	5
1986	25	174	15
1987	25	183	0
1988	25	180	0
1989	25	179	2
1990	25	190	0
1991	25	205	1
1992	25	207	0
1993	25	208	0
1994	25	206	1
1995	25	209	0
1996	25	210	0
1997	25	211	0
1998	25	212	0
1999	25	213	0
2000	25	221	1
2001	25	222	8
2002	25	231	0
2003	25	232	0
2004	25	220	24
2005	25	233	0
2006	25	223	26
2007	25	234	0
2008	25	235	0
2009	25	236	0
2010	25	239	1
2011	25	244	0
2012	25	245	2
2013	25	241	5
2014	25	243	18
2015	26	27	0
2016	26	28	0
2017	26	29	0
2018	26	39	0
2019	26	104	0
2020	26	40	0
2021	26	30	2
2022	26	105	0
2023	26	106	0
2024	26	108	0
2025	26	107	0
2026	26	109	0
2027	26	110	0
2028	26	112	0
2029	26	111	1
2030	26	113	0
2031	26	114	0
2032	26	115	0
2033	26	122	0
2034	26	117	1
2035	26	123	0
2036	26	124	0
2037	26	125	0
2038	26	126	0
2039	26	127	1
2040	26	128	0
2041	26	131	0
2042	26	132	0
2043	26	134	5
2044	26	135	3
2045	26	136	3
2046	26	138	0
2047	26	140	0
2048	26	141	3
2049	26	142	0
2050	26	145	0
2051	26	143	1
2052	26	144	2
2053	26	147	0
2054	26	149	0
2055	26	150	0
2056	26	148	2
2057	26	146	3
2058	26	153	0
2059	26	152	0
2060	26	154	0
2061	26	155	0
2062	26	157	0
2063	26	156	0
2064	26	158	0
2065	26	159	0
2066	26	160	0
2067	26	161	0
2068	26	162	0
2069	26	163	1
2070	26	164	0
2071	26	165	0
2072	26	166	0
2073	26	167	0
2074	26	169	0
2075	26	168	0
2076	26	170	0
2077	26	171	0
2078	26	175	0
2079	26	176	0
2080	26	177	0
2081	26	174	1
2082	26	178	0
2083	26	179	0
2084	26	180	0
2085	26	183	0
2086	26	190	0
2087	26	205	0
2088	26	207	0
2089	26	206	0
2090	26	208	0
2091	26	209	0
2092	26	210	0
2093	26	211	0
2094	26	212	0
2095	26	213	0
2096	26	221	0
2097	26	222	0
2098	26	231	0
2099	26	220	0
2100	26	232	0
2101	26	223	1
2102	26	233	0
2103	26	234	0
2104	26	235	0
2105	26	236	0
2106	26	239	0
2107	26	244	0
2108	26	241	3
2109	26	245	2
2110	26	243	2
2111	27	28	0
2112	27	29	0
2113	27	39	0
2114	27	30	2
2115	27	104	0
2116	27	40	0
2117	27	105	0
2118	27	106	0
2119	27	107	0
2120	27	108	0
2121	27	109	0
2122	27	110	0
2123	27	111	0
2124	27	112	0
2125	27	113	0
2126	27	114	0
2127	27	115	0
2128	27	122	0
2129	27	117	0
2130	27	123	0
2131	27	124	0
2132	27	125	0
2133	27	126	0
2134	27	127	2
2135	27	128	0
2136	27	131	1
2137	27	132	0
2138	27	135	0
2139	27	134	1
2140	27	136	1
2141	27	138	4
2142	27	141	0
2143	27	140	2
2144	27	142	0
2145	27	145	0
2146	27	143	1
2147	27	144	2
2148	27	147	0
2149	27	149	0
2150	27	148	0
2151	27	150	0
2152	27	146	5
2153	27	152	0
2154	27	153	0
2155	27	154	0
2156	27	155	0
2157	27	157	0
2158	27	156	0
2159	27	158	0
2160	27	159	0
2161	27	160	0
2162	27	161	0
2163	27	162	0
2164	27	163	0
2165	27	164	0
2166	27	165	0
2167	27	166	0
2168	27	167	0
2169	27	169	0
2170	27	168	0
2171	27	170	0
2172	27	171	0
2173	27	175	0
2174	27	176	0
2175	27	174	2
2176	27	177	0
2177	27	178	0
2178	27	179	0
2179	27	180	0
2180	27	183	0
2181	27	190	0
2182	27	205	0
2183	27	207	0
2184	27	206	0
2185	27	208	0
2186	27	209	0
2187	27	210	0
2188	27	211	0
2189	27	212	0
2190	27	213	0
2191	27	221	0
2192	27	222	2
2193	27	231	0
2194	27	220	7
2195	27	232	0
2196	27	223	1
2197	27	233	0
2198	27	234	0
2199	27	235	0
2200	27	236	0
2201	27	239	2
2202	27	244	0
2203	27	241	2
2204	27	245	2
2205	27	243	4
2206	28	29	0
2207	28	39	0
2208	28	104	0
2209	28	40	2
2210	28	30	1
2211	28	105	0
2212	28	106	0
2213	28	107	0
2214	28	108	0
2215	28	109	0
2216	28	110	0
2217	28	111	0
2218	28	112	0
2219	28	113	0
2220	28	114	0
2221	28	115	0
2222	28	122	0
2223	28	123	0
2224	28	117	3
2225	28	124	0
2226	28	125	0
2227	28	126	0
2228	28	127	1
2229	28	128	0
2230	28	131	5
2231	28	132	3
2232	28	134	5
2233	28	136	6
2234	28	135	6
2235	28	138	4
2236	28	140	0
2237	28	141	1
2238	28	142	2
2239	28	145	0
2240	28	143	4
2241	28	144	2
2242	28	147	0
2243	28	149	1
2244	28	150	0
2245	28	148	4
2246	28	146	8
2247	28	153	0
2248	28	152	0
2249	28	154	0
2250	28	155	0
2251	28	157	0
2252	28	156	0
2253	28	158	0
2254	28	159	0
2255	28	160	0
2256	28	162	0
2257	28	161	0
2258	28	163	1
2259	28	164	0
2260	28	165	0
2261	28	166	0
2262	28	169	0
2263	28	167	0
2264	28	168	0
2265	28	170	0
2266	28	171	0
2267	28	175	0
2268	28	176	1
2269	28	174	6
2270	28	177	0
2271	28	178	0
2272	28	179	0
2273	28	180	0
2274	28	183	0
2275	28	190	0
2276	28	205	0
2277	28	207	0
2278	28	206	1
2279	28	208	0
2280	28	209	0
2281	28	211	0
2282	28	210	0
2283	28	212	0
2284	28	213	1
2285	28	221	0
2286	28	222	7
2287	28	231	1
2288	28	232	0
2289	28	220	7
2290	28	233	0
2291	28	223	6
2292	28	234	0
2293	28	235	0
2294	28	236	0
2295	28	239	4
2296	28	244	0
2297	28	245	3
2298	28	241	4
2299	28	243	9
2300	29	39	0
2301	29	30	0
2302	29	104	0
2303	29	40	0
2304	29	105	0
2305	29	106	0
2306	29	107	0
2307	29	108	0
2308	29	109	0
2309	29	110	0
2310	29	112	0
2311	29	111	0
2312	29	113	0
2313	29	114	0
2314	29	115	0
2315	29	122	0
2316	29	117	0
2317	29	123	0
2318	29	124	0
2319	29	125	0
2320	29	126	0
2321	29	127	1
2322	29	128	0
2323	29	131	0
2324	29	132	0
2325	29	134	3
2326	29	135	0
2327	29	136	0
2328	29	138	2
2329	29	140	0
2330	29	141	0
2331	29	142	0
2332	29	145	0
2333	29	143	0
2334	29	144	0
2335	29	147	0
2336	29	149	0
2337	29	148	1
2338	29	146	0
2339	29	150	0
2340	29	152	0
2341	29	153	0
2342	29	154	0
2343	29	155	0
2344	29	156	0
2345	29	157	0
2346	29	158	0
2347	29	159	0
2348	29	160	0
2349	29	161	1
2350	29	162	0
2351	29	163	0
2352	29	164	0
2353	29	165	0
2354	29	166	0
2355	29	167	0
2356	29	169	0
2357	29	168	0
2358	29	170	0
2359	29	171	0
2360	29	175	0
2361	29	174	1
2362	29	177	0
2363	29	176	0
2364	29	178	0
2365	29	179	0
2366	29	180	0
2367	29	183	0
2368	29	190	0
2369	29	207	0
2370	29	205	0
2371	29	206	0
2372	29	208	0
2373	29	209	0
2374	29	210	0
2375	29	211	0
2376	29	212	0
2377	29	213	0
2378	29	221	0
2379	29	222	1
2380	29	231	0
2381	29	220	0
2382	29	232	0
2383	29	223	1
2384	29	233	0
2385	29	234	0
2386	29	235	0
2387	29	236	0
2388	29	239	0
2389	29	241	1
2390	29	244	0
2391	29	245	1
2392	29	243	2
2393	30	39	12
2394	30	104	8
2395	30	105	17
2396	30	108	5
2397	30	107	31
2398	30	106	23
2399	30	109	10
2400	30	40	73
2401	30	111	29
2402	30	110	28
2403	30	112	10
2404	30	114	5
2405	30	115	7
2406	30	113	11
2407	30	123	2
2408	30	122	6
2409	30	125	10
2410	30	124	46
2411	30	126	88
2412	30	117	150
2413	30	128	23
2414	30	127	73
2415	30	132	89
2416	30	131	104
2417	30	134	316
2418	30	136	150
2419	30	140	67
2420	30	141	78
2421	30	138	175
2422	30	135	258
2423	30	145	5
2424	30	142	99
2425	30	143	168
2426	30	144	112
2427	30	147	13
2428	30	150	5
2429	30	149	32
2430	30	152	34
2431	30	153	20
2432	30	148	110
2433	30	154	16
2434	30	155	37
2435	30	156	27
2436	30	157	24
2437	30	158	14
2438	30	159	12
2439	30	160	17
2440	30	146	417
2441	30	162	34
2442	30	161	23
2443	30	164	30
2444	30	163	50
2445	30	165	18
2446	30	166	29
2447	30	169	10
2448	30	167	34
2449	30	168	37
2450	30	170	23
2451	30	171	29
2452	30	177	3
2453	30	175	25
2454	30	178	0
2455	30	176	64
2456	30	180	19
2457	30	179	22
2458	30	183	13
2459	30	190	34
2460	30	174	108
2461	30	205	42
2462	30	207	34
2463	30	208	18
2464	30	209	27
2465	30	206	59
2466	30	211	14
2467	30	210	43
2468	30	212	23
2469	30	213	21
2470	30	221	30
2471	30	231	43
2472	30	222	121
2473	30	232	18
2474	30	233	43
2475	30	223	262
2476	30	234	21
2477	30	220	398
2478	30	235	27
2479	30	239	63
2480	30	236	31
2481	30	244	18
2482	30	245	84
2483	30	241	167
2484	39	104	0
2485	39	40	3
2486	39	105	0
2487	39	107	0
2488	39	106	0
2489	39	108	0
2490	30	243	345
2491	39	109	0
2492	39	110	0
2493	39	111	0
2494	39	112	0
2495	39	113	0
2496	39	114	0
2497	39	115	0
2498	39	122	0
2499	39	123	0
2500	39	124	4
2501	39	117	2
2502	39	125	0
2503	39	126	2
2504	39	128	0
2505	39	127	6
2506	39	131	10
2507	39	132	2
2508	39	134	8
2509	39	136	9
2510	39	138	14
2511	39	135	7
2512	39	141	3
2513	39	140	5
2514	39	145	0
2515	39	142	6
2516	39	143	14
2517	39	147	0
2518	39	144	6
2519	39	150	0
2520	39	149	1
2521	39	148	11
2522	39	152	3
2523	39	153	0
2524	39	154	0
2525	39	146	19
2526	39	155	3
2527	39	156	1
2528	39	157	0
2529	39	158	2
2530	39	159	0
2531	39	160	0
2532	39	161	0
2533	39	162	3
2534	39	164	3
2535	39	163	1
2536	39	165	1
2537	39	166	2
2538	39	169	0
2539	39	167	2
2540	39	168	1
2541	39	170	0
2542	39	171	0
2543	39	175	0
2544	39	176	1
2545	39	177	0
2546	39	174	5
2547	39	178	0
2548	39	179	1
2549	39	183	0
2550	39	180	0
2551	39	190	0
2552	39	205	0
2553	39	207	0
2554	39	208	1
2555	39	206	0
2556	39	209	0
2557	39	210	0
2558	39	211	0
2559	39	212	0
2560	39	213	0
2561	39	221	0
2562	39	222	2
2563	39	231	2
2564	39	232	0
2565	39	233	1
2566	39	220	17
2567	39	223	10
2568	39	234	1
2569	39	235	0
2570	39	236	0
2571	39	239	3
2572	39	244	0
2573	39	245	1
2574	39	241	1
2575	39	243	15
2576	40	104	6
2577	40	105	5
2578	40	108	2
2579	40	107	7
2580	40	106	18
2581	40	109	1
2582	40	110	11
2583	40	111	10
2584	40	112	4
2585	40	114	2
2586	40	113	7
2587	40	115	3
2588	40	123	1
2589	40	122	2
2590	40	125	7
2591	40	124	24
2592	40	117	92
2593	40	126	35
2594	40	128	21
2595	40	127	37
2596	40	132	51
2597	40	131	57
2598	40	134	142
2599	40	136	83
2600	40	141	36
2601	40	140	46
2602	40	135	113
2603	40	138	117
2604	40	145	1
2605	40	143	96
2606	40	142	48
2607	40	144	84
2608	40	147	9
2609	40	150	8
2610	40	149	16
2611	40	148	68
2612	40	152	21
2613	40	153	18
2614	40	154	15
2615	40	155	31
2616	40	146	253
2617	40	156	17
2618	40	157	12
2619	40	158	6
2620	40	159	13
2621	40	160	11
2622	40	162	21
2623	40	161	29
2624	40	164	16
2625	40	163	35
2626	40	165	10
2627	40	166	25
2628	40	167	26
2629	40	169	12
2630	40	168	31
2631	40	170	36
2632	40	171	15
2633	40	175	17
2634	40	178	0
2635	40	177	2
2636	40	180	10
2637	40	179	9
2638	40	176	27
2639	40	183	5
2640	40	174	73
2641	40	190	10
2642	40	205	12
2643	40	208	10
2644	40	207	11
2645	40	209	16
2646	40	206	22
2647	40	211	8
2648	40	210	21
2649	40	212	10
2650	40	213	14
2651	40	221	19
2652	40	231	20
2653	40	222	50
2654	40	232	26
2655	40	233	31
2656	40	220	242
2657	40	223	157
2658	40	234	24
2659	40	235	11
2660	40	236	25
2661	40	239	41
2662	40	244	9
2663	40	245	53
2664	40	241	97
2665	40	243	232
2666	104	105	0
2667	104	106	6
2668	104	107	1
2669	104	108	0
2670	104	109	0
2671	104	110	3
2672	104	111	0
2673	104	112	1
2674	104	113	0
2675	104	114	0
2676	104	115	0
2677	104	122	0
2678	104	123	0
2679	104	125	0
2680	104	124	2
2681	104	117	16
2682	104	126	5
2683	104	128	1
2684	104	127	6
2685	104	131	12
2686	104	132	10
2687	104	136	16
2688	104	134	30
2689	104	135	14
2690	104	138	8
2691	104	140	8
2692	104	141	4
2693	104	142	10
2694	104	145	0
2695	104	143	20
2696	104	147	0
2697	104	144	12
2698	104	150	0
2699	104	149	3
2700	104	148	5
2701	104	152	1
2702	104	153	0
2703	104	154	0
2704	104	146	49
2705	104	155	0
2706	104	156	0
2707	104	157	0
2708	104	158	0
2709	104	159	0
2710	104	160	1
2711	104	161	2
2712	104	162	0
2713	104	164	0
2714	104	163	2
2715	104	165	0
2716	104	166	2
2717	104	169	0
2718	104	167	1
2719	104	168	1
2720	104	170	1
2721	104	171	1
2722	104	175	2
2723	104	176	5
2724	104	177	0
2725	104	174	4
2726	104	178	0
2727	104	179	2
2728	104	180	1
2729	104	183	0
2730	104	190	0
2731	104	205	2
2732	104	207	0
2733	104	208	0
2734	104	206	3
2735	104	209	0
2736	104	210	1
2737	104	211	0
2738	104	212	0
2739	104	213	1
2740	104	221	1
2741	104	222	9
2742	104	231	0
2743	104	232	0
2744	104	233	0
2745	104	220	45
2746	104	234	0
2747	104	223	26
2748	104	235	0
2749	104	236	0
2750	104	239	5
2751	104	244	0
2752	104	241	20
2753	104	245	11
2754	104	243	30
2755	105	106	4
2756	105	107	2
2757	105	108	0
2758	105	109	0
2759	105	110	7
2760	105	111	2
2761	105	112	0
2762	105	113	0
2763	105	114	0
2764	105	115	0
2765	105	122	0
2766	105	123	0
2767	105	124	3
2768	105	125	0
2769	105	117	25
2770	105	126	4
2771	105	128	2
2772	105	127	9
2773	105	131	20
2774	105	132	10
2775	105	136	15
2776	105	134	41
2777	105	135	23
2778	105	138	21
2779	105	140	9
2780	105	141	11
2781	105	145	0
2782	105	142	10
2783	105	143	33
2784	105	147	0
2785	105	144	12
2786	105	150	0
2787	105	149	7
2788	105	148	14
2789	105	152	2
2790	105	153	1
2791	105	154	1
2792	105	146	55
2793	105	155	0
2794	105	157	0
2795	105	156	0
2796	105	158	0
2797	105	159	1
2798	105	160	0
2799	105	161	3
2800	105	162	3
2801	105	164	1
2802	105	163	4
2803	105	165	0
2804	105	166	5
2805	105	169	0
2806	105	167	1
2807	105	168	3
2808	105	170	1
2809	105	171	1
2810	105	175	1
2811	105	177	0
2812	105	178	0
2813	105	174	7
2814	105	176	9
2815	105	179	0
2816	105	180	0
2817	105	183	1
2818	105	190	0
2819	105	205	2
2820	105	207	1
2821	105	206	3
2822	105	208	1
2823	105	209	0
2824	105	210	0
2825	105	211	0
2826	105	212	1
2827	105	213	3
2828	105	221	4
2829	105	222	16
2830	105	231	0
2831	105	232	0
2832	105	233	1
2833	105	220	64
2834	105	234	2
2835	105	235	0
2836	105	223	51
2837	105	236	0
2838	105	239	2
2839	105	244	1
2840	105	245	13
2841	105	241	22
2842	105	243	49
2843	106	107	10
2844	106	108	1
2845	106	109	0
2846	106	110	9
2847	106	112	8
2848	106	111	9
2849	106	113	6
2850	106	114	1
2851	106	115	1
2852	106	122	0
2853	106	123	0
2854	106	125	0
2855	106	124	9
2856	106	117	56
2857	106	126	22
2858	106	128	4
2859	106	127	13
2860	106	132	29
2861	106	131	28
2862	106	134	97
2863	106	136	53
2864	106	135	59
2865	106	138	57
2866	106	140	33
2867	106	141	10
2868	106	145	0
2869	106	142	21
2870	106	143	57
2871	106	147	2
2872	106	144	35
2873	106	150	3
2874	106	149	11
2875	106	148	25
2876	106	152	4
2877	106	153	2
2878	106	154	0
2879	106	155	5
2880	106	156	1
2881	106	146	141
2882	106	157	0
2883	106	158	0
2884	106	159	1
2885	106	160	2
2886	106	161	4
2887	106	162	1
2888	106	164	4
2889	106	163	8
2890	106	165	2
2891	106	166	7
2892	106	167	5
2893	106	168	4
2894	106	169	3
2895	106	170	3
2896	106	171	2
2897	106	175	6
2898	106	177	0
2899	106	178	0
2900	106	176	25
2901	106	174	36
2902	106	179	6
2903	106	180	3
2904	106	183	3
2905	106	190	2
2906	106	205	5
2907	106	207	1
2908	106	206	9
2909	106	208	1
2910	106	209	2
2911	106	210	6
2912	106	211	1
2913	106	212	3
2914	106	213	6
2915	106	221	10
2916	106	231	2
2917	106	222	32
2918	106	232	7
2919	106	233	6
2920	106	234	3
2921	106	235	2
2922	106	220	114
2923	106	223	100
2924	106	236	1
2925	106	239	14
2926	106	244	4
2927	106	245	32
2928	106	241	47
2929	106	243	100
2930	107	108	1
2931	107	109	1
2932	107	110	10
2933	107	111	8
2934	107	112	6
2935	107	113	5
2936	107	114	1
2937	107	115	1
2938	107	122	1
2939	107	123	0
2940	107	125	1
2941	107	124	8
2942	107	117	58
2943	107	126	10
2944	107	128	3
2945	107	127	11
2946	107	132	30
2947	107	131	29
2948	107	136	38
2949	107	134	98
2950	107	135	50
2951	107	138	65
2952	107	140	20
2953	107	141	19
2954	107	145	0
2955	107	142	31
2956	107	143	57
2957	107	147	0
2958	107	144	50
2959	107	149	10
2960	107	150	0
2961	107	148	43
2962	107	153	0
2963	107	152	5
2964	107	154	0
2965	107	155	5
2966	107	156	2
2967	107	146	161
2968	107	157	1
2969	107	158	1
2970	107	159	2
2971	107	160	2
2972	107	161	8
2973	107	162	3
2974	107	163	4
2975	107	164	3
2976	107	165	1
2977	107	166	5
2978	107	167	8
2979	107	169	0
2980	107	168	5
2981	107	170	2
2982	107	171	0
2983	107	175	6
2984	107	178	0
2985	107	177	0
2986	107	176	18
2987	107	174	36
2988	107	180	3
2989	107	179	6
2990	107	183	3
2991	107	190	4
2992	107	205	4
2993	107	207	6
2994	107	206	8
2995	107	208	1
2996	107	209	4
2997	107	210	7
2998	107	211	1
2999	107	212	2
3000	107	213	5
3001	107	221	12
3002	107	222	46
3003	107	231	1
3004	107	232	5
3005	107	233	4
3006	107	234	2
3007	107	235	1
3008	107	220	151
3009	107	223	135
3010	107	236	5
3011	107	239	12
3012	107	244	3
3013	107	245	41
3014	107	241	80
3015	107	243	144
3016	108	109	0
3017	108	110	0
3018	108	111	1
3019	108	112	0
3020	108	113	0
3021	108	114	0
3022	108	115	0
3023	108	122	0
3024	108	123	0
3025	108	117	12
3026	108	125	0
3027	108	124	1
3028	108	126	0
3029	108	128	0
3030	108	127	4
3031	108	131	2
3032	108	132	5
3033	108	136	6
3034	108	134	17
3035	108	135	16
3036	108	138	10
3037	108	140	6
3038	108	141	4
3039	108	142	11
3040	108	145	0
3041	108	143	12
3042	108	144	10
3043	108	147	0
3044	108	150	0
3045	108	148	10
3046	108	149	0
3047	108	152	0
3048	108	153	0
3049	108	154	0
3050	108	146	25
3051	108	155	2
3052	108	156	0
3053	108	158	0
3054	108	157	0
3055	108	159	0
3056	108	160	0
3057	108	162	0
3058	108	161	0
3059	108	164	1
3060	108	165	0
3061	108	163	3
3062	108	166	2
3063	108	169	0
3064	108	167	0
3065	108	168	1
3066	108	170	0
3067	108	171	1
3068	108	175	2
3069	108	176	3
3070	108	174	8
3071	108	177	0
3072	108	178	0
3073	108	179	0
3074	108	183	0
3075	108	180	0
3076	108	190	0
3077	108	205	1
3078	108	207	0
3079	108	208	0
3080	108	206	1
3081	108	209	0
3082	108	210	0
3083	108	211	0
3084	108	212	1
3085	108	213	0
3086	108	221	0
3087	108	222	8
3088	108	231	1
3089	108	232	0
3090	108	220	30
3091	108	233	2
3092	108	223	17
3093	108	234	0
3094	108	235	0
3095	108	236	1
3096	108	239	0
3097	108	244	1
3098	108	241	8
3099	108	245	3
3100	108	243	22
3101	109	110	0
3102	109	111	0
3103	109	112	0
3104	109	113	0
3105	109	114	0
3106	109	115	0
3107	109	122	0
3108	109	123	0
3109	109	117	13
3110	109	125	0
3111	109	124	0
3112	109	126	3
3113	109	128	1
3114	109	127	0
3115	109	131	0
3116	109	132	5
3117	109	134	10
3118	109	136	4
3119	109	135	9
3120	109	138	5
3121	109	140	4
3122	109	141	2
3123	109	142	4
3124	109	145	0
3125	109	143	7
3126	109	144	8
3127	109	147	2
3128	109	150	0
3129	109	148	2
3130	109	149	2
3131	109	146	31
3132	109	152	0
3133	109	153	0
3134	109	154	0
3135	109	158	1
3136	109	157	1
3137	109	156	1
3138	109	155	0
3139	109	159	0
3140	109	160	0
3141	109	162	0
3142	109	161	0
3143	109	164	1
3144	109	163	1
3145	109	165	0
3146	109	166	1
3147	109	169	0
3148	109	167	2
3149	109	168	2
3150	109	170	0
3151	109	171	0
3152	109	175	0
3153	109	176	3
3154	109	174	4
3155	109	177	0
3156	109	178	0
3157	109	179	1
3158	109	180	0
3159	109	183	0
3160	109	190	0
3161	109	205	0
3162	109	207	0
3163	109	208	0
3164	109	206	0
3165	109	209	0
3166	109	210	0
3167	109	211	0
3168	109	212	0
3169	109	213	0
3170	109	221	1
3171	109	222	3
3172	109	231	0
3173	109	232	0
3174	109	220	29
3175	109	233	0
3176	109	223	19
3177	109	234	0
3178	109	235	0
3179	109	236	0
3180	109	239	3
3181	109	244	0
3182	109	241	12
3183	109	245	6
3184	109	243	23
3185	110	111	9
3186	110	112	9
3187	110	113	5
3188	110	114	1
3189	110	115	2
3190	110	123	0
3191	110	122	1
3192	110	125	1
3193	110	124	8
3194	110	117	48
3195	110	126	16
3196	110	128	8
3197	110	127	12
3198	110	132	31
3199	110	131	37
3200	110	136	36
3201	110	134	100
3202	110	135	75
3203	110	138	49
3204	110	141	20
3205	110	140	25
3206	110	145	0
3207	110	142	21
3208	110	143	59
3209	110	147	4
3210	110	144	40
3211	110	150	3
3212	110	149	10
3213	110	148	38
3214	110	152	2
3215	110	153	5
3216	110	154	1
3217	110	155	8
3218	110	156	2
3219	110	146	149
3220	110	157	0
3221	110	158	0
3222	110	159	1
3223	110	160	3
3224	110	161	3
3225	110	162	5
3226	110	164	9
3227	110	163	7
3228	110	165	2
3229	110	166	9
3230	110	167	6
3231	110	169	3
3232	110	168	3
3233	110	170	4
3234	110	171	2
3235	110	175	6
3236	110	177	0
3237	110	178	0
3238	110	176	10
3239	110	174	41
3240	110	179	4
3241	110	180	5
3242	110	183	3
3243	110	190	2
3244	110	205	10
3245	110	207	6
3246	110	206	18
3247	110	208	1
3248	110	209	6
3249	110	210	7
3250	110	211	1
3251	110	212	5
3252	110	213	3
3253	110	221	5
3254	110	222	40
3255	110	231	7
3256	110	232	0
3257	110	233	8
3258	110	234	7
3259	110	235	6
3260	110	220	169
3261	110	223	118
3262	110	236	5
3263	110	239	13
3264	110	244	3
3265	110	245	26
3266	110	241	65
3267	110	243	133
3268	111	114	0
3269	111	112	3
3270	111	113	1
3271	111	123	0
3272	111	115	1
3273	111	122	1
3274	111	125	2
3275	111	124	10
3276	111	126	6
3277	111	117	63
3278	111	128	7
3279	111	127	12
3280	111	132	23
3281	111	131	25
3282	111	136	24
3283	111	134	71
3284	111	135	46
3285	111	138	46
3286	111	140	20
3287	111	141	16
3288	111	145	0
3289	111	142	23
3290	111	143	43
3291	111	147	3
3292	111	144	37
3293	111	150	0
3294	111	149	4
3295	111	148	24
3296	111	152	2
3297	111	153	1
3298	111	154	0
3299	111	156	1
3300	111	155	4
3301	111	146	119
3302	111	157	0
3303	111	158	0
3304	111	159	1
3305	111	160	1
3306	111	161	3
3307	111	162	0
3308	111	163	7
3309	111	164	2
3310	111	165	1
3311	111	166	2
3312	111	167	4
3313	111	169	1
3314	111	168	7
3315	111	170	1
3316	111	171	2
3317	111	175	6
3318	111	177	0
3319	111	178	0
3320	111	176	22
3321	111	174	34
3322	111	179	4
3323	111	180	3
3324	111	183	2
3325	111	190	3
3326	111	205	5
3327	111	207	5
3328	111	208	0
3329	111	206	8
3330	111	209	3
3331	111	211	0
3332	111	210	6
3333	111	212	6
3334	111	213	4
3335	111	221	4
3336	111	222	39
3337	111	231	2
3338	111	232	1
3339	111	233	1
3340	111	234	2
3341	111	235	2
3342	111	220	117
3343	111	223	89
3344	111	236	1
3345	111	239	18
3346	111	244	1
3347	111	245	22
3348	111	241	50
3349	111	243	114
3350	112	114	0
3351	112	113	0
3352	112	115	0
3353	112	123	0
3354	112	122	0
3355	112	125	0
3356	112	117	35
3357	112	124	7
3358	112	126	11
3359	112	128	1
3360	112	127	9
3361	112	132	11
3362	112	131	14
3363	112	136	22
3364	112	134	61
3365	112	135	26
3366	112	138	32
3367	112	140	12
3368	112	141	8
3369	112	142	16
3370	112	145	0
3371	112	143	26
3372	112	147	0
3373	112	144	19
3374	112	150	0
3375	112	149	5
3376	112	148	11
3377	112	152	2
3378	112	153	0
3379	112	154	1
3380	112	146	74
3381	112	155	4
3382	112	156	1
3383	112	157	0
3384	112	158	0
3385	112	159	0
3386	112	160	0
3387	112	161	2
3388	112	162	0
3389	112	164	1
3390	112	163	2
3391	112	165	0
3392	112	166	0
3393	112	167	2
3394	112	169	1
3395	112	168	0
3396	112	170	4
3397	112	171	0
3398	112	175	6
3399	112	177	0
3400	112	178	0
3401	112	176	2
3402	112	174	12
3403	112	179	0
3404	112	180	3
3405	112	183	1
3406	112	190	1
3407	112	205	2
3408	112	207	0
3409	112	208	0
3410	112	206	3
3411	112	209	0
3412	112	210	2
3413	112	211	0
3414	112	212	3
3415	112	213	2
3416	112	221	2
3417	112	222	15
3418	112	231	0
3419	112	232	1
3420	112	233	1
3421	112	220	62
3422	112	234	0
3423	112	223	32
3424	112	235	0
3425	112	236	0
3426	112	239	6
3427	112	244	1
3428	112	241	15
3429	112	245	11
3430	112	243	44
3431	113	114	0
3432	113	115	1
3433	113	123	0
3434	113	122	0
3435	113	125	0
3436	113	124	8
3437	113	117	15
3438	113	126	5
3439	113	128	4
3440	113	127	5
3441	113	132	9
3442	113	131	20
3443	113	136	16
3444	113	134	35
3445	113	135	24
3446	113	138	30
3447	113	140	8
3448	113	141	11
3449	113	145	0
3450	113	142	15
3451	113	143	29
3452	113	147	0
3453	113	144	23
3454	113	150	1
3455	113	149	6
3456	113	148	12
3457	113	152	2
3458	113	153	0
3459	113	154	0
3460	113	146	66
3461	113	155	2
3462	113	156	2
3463	113	157	1
3464	113	158	0
3465	113	159	0
3466	113	160	0
3467	113	161	1
3468	113	162	0
3469	113	164	1
3470	113	163	3
3471	113	165	1
3472	113	166	1
3473	113	167	3
3474	113	168	4
3475	113	169	0
3476	113	170	1
3477	113	171	1
3478	113	175	1
3479	113	177	0
3480	113	178	0
3481	113	174	23
3482	113	176	5
3483	113	179	0
3484	113	180	2
3485	113	183	1
3486	113	190	1
3487	113	205	0
3488	113	207	3
3489	113	206	5
3490	113	208	0
3491	113	209	0
3492	113	210	3
3493	113	211	1
3494	113	212	0
3495	113	213	0
3496	113	221	4
3497	113	222	20
3498	113	231	2
3499	113	232	1
3500	113	233	0
3501	113	220	53
3502	113	234	2
3503	113	235	0
3504	113	223	58
3505	113	236	1
3506	113	239	10
3507	113	244	2
3508	113	245	13
3509	113	241	22
3510	113	243	61
3511	114	115	0
3512	114	122	0
3513	114	123	0
3514	114	117	6
3515	114	125	0
3516	114	124	1
3517	114	126	0
3518	114	128	2
3519	114	127	2
3520	114	131	1
3521	114	132	0
3522	114	136	4
3523	114	135	7
3524	114	134	17
3525	114	138	10
3526	114	141	6
3527	114	140	1
3528	114	142	4
3529	114	145	0
3530	114	143	8
3531	114	144	1
3532	114	147	0
3533	114	148	4
3534	114	150	0
3535	114	149	0
3536	114	146	16
3537	114	153	0
3538	114	152	2
3539	114	154	0
3540	114	155	0
3541	114	158	0
3542	114	157	0
3543	114	156	0
3544	114	159	0
3545	114	160	0
3546	114	162	0
3547	114	161	0
3548	114	163	1
3549	114	164	0
3550	114	165	0
3551	114	166	1
3552	114	167	1
3553	114	169	0
3554	114	168	0
3555	114	170	0
3556	114	171	0
3557	114	175	0
3558	114	176	2
3559	114	174	5
3560	114	177	0
3561	114	178	0
3562	114	179	0
3563	114	180	0
3564	114	183	0
3565	114	190	0
3566	114	205	0
3567	114	207	1
3568	114	206	1
3569	114	208	1
3570	114	209	0
3571	114	211	0
3572	114	210	0
3573	114	212	0
3574	114	213	0
3575	114	221	0
3576	114	222	6
3577	114	231	2
3578	114	232	0
3579	114	220	11
3580	114	233	0
3581	114	223	17
3582	114	234	1
3583	114	235	0
3584	114	236	0
3585	114	239	4
3586	114	244	1
3587	114	241	9
3588	114	245	5
3589	114	243	21
3590	115	123	0
3591	115	122	0
3592	115	117	13
3593	115	125	0
3594	115	124	2
3595	115	126	4
3596	115	128	0
3597	115	127	3
3598	115	131	5
3599	115	132	2
3600	115	134	27
3601	115	136	7
3602	115	135	8
3603	115	138	15
3604	115	140	3
3605	115	141	2
3606	115	142	7
3607	115	145	0
3608	115	143	13
3609	115	144	7
3610	115	147	1
3611	115	150	0
3612	115	148	5
3613	115	149	1
3614	115	153	0
3615	115	152	0
3616	115	154	1
3617	115	146	21
3618	115	155	1
3619	115	156	1
3620	115	157	0
3621	115	158	0
3622	115	159	0
3623	115	160	0
3624	115	161	1
3625	115	162	0
3626	115	164	0
3627	115	163	3
3628	115	165	0
3629	115	166	2
3630	115	169	0
3631	115	167	1
3632	115	168	0
3633	115	170	0
3634	115	171	0
3635	115	175	2
3636	115	176	0
3637	115	174	9
3638	115	177	0
3639	115	178	0
3640	115	179	0
3641	115	180	1
3642	115	183	0
3643	115	190	0
3644	115	205	1
3645	115	207	0
3646	115	208	0
3647	115	206	2
3648	115	209	0
3649	115	210	0
3650	115	211	0
3651	115	212	0
3652	115	213	0
3653	115	221	0
3654	115	222	9
3655	115	231	0
3656	115	232	0
3657	115	220	24
3658	115	233	0
3659	115	223	19
3660	115	234	0
3661	115	235	1
3662	115	236	0
3663	115	239	3
3664	115	244	1
3665	115	241	8
3666	115	245	1
3667	115	243	24
3668	117	123	0
3669	117	122	7
3670	117	125	12
3671	117	124	41
3672	117	126	62
3673	117	127	70
3674	117	128	54
3675	117	132	194
3676	117	131	187
3677	117	136	232
3678	117	138	270
3679	117	134	608
3680	117	135	382
3681	117	141	102
3682	117	140	111
3683	117	145	1
3684	117	142	147
3685	117	147	25
3686	117	143	243
3687	117	144	238
3688	117	150	17
3689	117	149	58
3690	117	153	27
3691	117	152	31
3692	117	148	164
3693	117	154	27
3694	117	155	46
3695	117	156	27
3696	117	157	18
3697	117	158	14
3698	117	159	16
3699	117	160	25
3700	117	161	41
3701	117	162	37
3702	117	146	818
3703	117	163	71
3704	117	164	33
3705	117	165	26
3706	117	166	54
3707	117	169	23
3708	117	167	59
3709	117	168	44
3710	117	170	43
3711	117	171	23
3712	117	175	45
3713	117	177	2
3714	117	178	0
3715	117	179	42
3716	117	176	114
3717	117	180	51
3718	117	174	152
3719	117	183	20
3720	117	190	35
3721	117	205	32
3722	117	207	27
3723	117	208	24
3724	117	206	70
3725	117	209	33
3726	117	210	47
3727	117	211	18
3728	117	212	38
3729	117	213	47
3730	117	221	54
3731	117	231	26
3732	117	222	169
3733	117	232	21
3734	117	233	36
3735	117	234	33
3736	117	235	26
3737	117	236	23
3738	117	239	91
3739	117	223	526
3740	117	244	28
3741	117	220	855
3742	117	241	310
3743	117	245	143
3744	122	123	0
3745	117	243	849
3746	122	124	11
3747	122	125	0
3748	122	128	0
3749	122	126	2
3750	122	127	7
3751	122	131	12
3752	122	132	4
3753	122	136	12
3754	122	134	20
3755	122	135	26
3756	122	138	13
3757	122	140	1
3758	122	141	8
3759	122	145	0
3760	122	142	7
3761	122	143	12
3762	122	144	6
3763	122	147	2
3764	122	150	1
3765	122	149	1
3766	122	148	6
3767	122	153	0
3768	122	152	2
3769	122	146	29
3770	122	154	0
3771	122	155	1
3772	122	156	0
3773	122	158	1
3774	122	157	0
3775	122	159	0
3776	122	160	0
3777	122	162	0
3778	122	161	0
3779	122	164	2
3780	122	163	5
3781	122	165	0
3782	122	166	4
3783	122	167	3
3784	122	169	1
3785	122	168	3
3786	122	170	1
3787	122	171	0
3788	122	175	0
3789	122	176	2
3790	122	177	0
3791	122	178	0
3792	122	174	5
3793	122	179	0
3794	122	183	0
3795	122	180	0
3796	122	190	0
3797	122	207	0
3798	122	205	3
3799	122	208	1
3800	122	206	2
3801	122	209	0
3802	122	211	0
3803	122	210	0
3804	122	212	0
3805	122	213	1
3806	122	221	1
3807	122	222	4
3808	122	231	5
3809	122	232	0
3810	122	233	3
3811	122	220	33
3812	122	223	19
3813	122	234	1
3814	122	235	0
3815	122	236	1
3816	122	239	3
3817	122	244	0
3818	122	241	6
3819	122	245	5
3820	122	243	23
3821	123	125	0
3822	123	124	1
3823	123	126	1
3824	123	127	0
3825	123	128	0
3826	123	131	0
3827	123	132	0
3828	123	134	0
3829	123	135	4
3830	123	136	3
3831	123	138	2
3832	123	140	2
3833	123	141	0
3834	123	142	0
3835	123	145	0
3836	123	143	0
3837	123	144	2
3838	123	147	0
3839	123	149	0
3840	123	148	2
3841	123	146	0
3842	123	150	0
3843	123	152	1
3844	123	153	0
3845	123	154	0
3846	123	155	0
3847	123	156	0
3848	123	157	0
3849	123	158	0
3850	123	159	0
3851	123	160	0
3852	123	161	0
3853	123	162	0
3854	123	163	0
3855	123	164	0
3856	123	165	0
3857	123	166	0
3858	123	167	1
3859	123	168	0
3860	123	169	0
3861	123	170	0
3862	123	171	0
3863	123	175	0
3864	123	176	0
3865	123	174	0
3866	123	177	0
3867	123	178	0
3868	123	183	0
3869	123	180	0
3870	123	179	0
3871	123	190	0
3872	123	207	0
3873	123	205	0
3874	123	206	0
3875	123	208	0
3876	123	209	0
3877	123	210	0
3878	123	211	0
3879	123	212	0
3880	123	213	0
3881	123	221	0
3882	123	222	0
3883	123	231	0
3884	123	220	2
3885	123	232	0
3886	123	223	1
3887	123	233	0
3888	123	234	0
3889	123	235	0
3890	123	236	0
3891	123	239	2
3892	123	241	0
3893	123	244	0
3894	123	245	1
3895	123	243	1
3896	124	125	3
3897	124	128	8
3898	124	126	21
3899	124	127	39
3900	124	132	26
3901	124	131	63
3902	124	134	98
3903	124	136	47
3904	124	140	20
3905	124	135	95
3906	124	141	28
3907	124	138	99
3908	124	145	0
3909	124	143	58
3910	124	142	45
3911	124	144	50
3912	124	147	10
3913	124	150	8
3914	124	149	9
3915	124	148	40
3916	124	153	10
3917	124	152	7
3918	124	154	8
3919	124	146	147
3920	124	155	10
3921	124	156	5
3922	124	157	4
3923	124	158	5
3924	124	159	4
3925	124	160	4
3926	124	162	9
3927	124	161	12
3928	124	164	9
3929	124	163	20
3930	124	165	8
3931	124	166	17
3932	124	167	15
3933	124	168	12
3934	124	169	7
3935	124	170	20
3936	124	171	8
3937	124	175	10
3938	124	178	0
3939	124	177	0
3940	124	176	17
3941	124	180	8
3942	124	179	8
3943	124	174	55
3944	124	183	3
3945	124	190	5
3946	124	205	8
3947	124	207	5
3948	124	208	4
3949	124	206	12
3950	124	209	4
3951	124	210	7
3952	124	211	4
3953	124	212	8
3954	124	213	5
3955	124	221	4
3956	124	222	34
3957	124	231	9
3958	124	232	2
3959	124	233	12
3960	124	223	96
3961	124	220	125
3962	124	235	4
3963	124	234	9
3964	124	236	8
3965	124	239	34
3966	124	244	10
3967	124	245	29
3968	124	241	69
3969	124	243	129
3970	125	126	6
3971	125	128	0
3972	125	127	4
3973	125	132	6
3974	125	131	10
3975	125	136	6
3976	125	134	15
3977	125	135	13
3978	125	138	15
3979	125	141	8
3980	125	140	4
3981	125	145	0
3982	125	142	12
3983	125	143	17
3984	125	147	0
3985	125	144	10
3986	125	149	1
3987	125	150	0
3988	125	148	8
3989	125	153	0
3990	125	152	2
3991	125	154	0
3992	125	146	31
3993	125	155	2
3994	125	156	0
3995	125	157	0
3996	125	158	0
3997	125	159	0
3998	125	160	0
3999	125	161	2
4000	125	162	1
4001	125	164	0
4002	125	163	7
4003	125	165	0
4004	125	166	2
4005	125	167	2
4006	125	169	0
4007	125	168	1
4008	125	170	1
4009	125	171	0
4010	125	175	2
4011	125	177	0
4012	125	176	1
4013	125	178	0
4014	125	174	8
4015	125	183	0
4016	125	180	0
4017	125	179	0
4018	125	190	0
4019	125	205	0
4020	125	207	0
4021	125	206	2
4022	125	208	0
4023	125	209	0
4024	125	210	1
4025	125	211	0
4026	125	212	1
4027	125	213	0
4028	125	221	1
4029	125	222	5
4030	125	231	0
4031	125	232	0
4032	125	233	0
4033	125	220	26
4034	125	223	18
4035	125	234	0
4036	125	235	0
4037	125	236	0
4038	125	239	8
4039	125	244	1
4040	125	241	12
4041	125	245	7
4042	125	243	21
4043	126	128	6
4044	126	127	46
4045	126	132	42
4046	126	131	64
4047	126	136	78
4048	126	134	156
4049	126	135	132
4050	126	141	39
4051	126	138	144
4052	126	140	56
4053	126	145	2
4054	126	142	54
4055	126	147	8
4056	126	143	129
4057	126	144	98
4058	126	150	9
4059	126	149	18
4060	126	152	12
4061	126	153	15
4062	126	148	55
4063	126	154	26
4064	126	156	16
4065	126	155	20
4066	126	146	261
4067	126	157	3
4068	126	158	4
4069	126	159	10
4070	126	160	8
4071	126	162	11
4072	126	161	18
4073	126	164	11
4074	126	163	31
4075	126	165	14
4076	126	166	22
4077	126	167	24
4078	126	168	20
4079	126	169	12
4080	126	170	15
4081	126	171	16
4082	126	175	17
4083	126	177	1
4084	126	178	0
4085	126	176	40
4086	126	179	16
4087	126	180	9
4088	126	174	80
4089	126	183	6
4090	126	190	7
4091	126	205	15
4092	126	207	9
4093	126	208	7
4094	126	206	18
4095	126	209	10
4096	126	210	13
4097	126	211	3
4098	126	212	7
4099	126	213	9
4100	126	221	9
4101	126	231	11
4102	126	222	78
4103	126	232	18
4104	126	233	18
4105	126	234	18
4106	126	235	10
4107	126	220	215
4108	126	223	153
4109	126	236	9
4110	126	239	41
4111	126	244	10
4112	126	245	47
4113	126	241	70
4114	126	243	194
4115	127	128	12
4116	127	132	56
4117	127	131	86
4118	127	134	151
4119	127	136	83
4120	127	140	54
4121	127	141	49
4122	127	135	137
4123	127	138	172
4124	127	145	1
4125	127	143	98
4126	127	142	67
4127	127	144	91
4128	127	147	11
4129	127	150	15
4130	127	149	22
4131	127	148	66
4132	127	153	13
4133	127	152	21
4134	127	154	13
4135	127	156	12
4136	127	155	22
4137	127	146	298
4138	127	157	14
4139	127	158	5
4140	127	159	17
4141	127	160	5
4142	127	162	16
4143	127	161	18
4144	127	164	28
4145	127	163	33
4146	127	165	14
4147	127	166	33
4148	127	169	12
4149	127	167	39
4150	127	168	40
4151	127	175	13
4152	127	170	26
4153	127	171	13
4154	127	177	3
4155	127	178	0
4156	127	176	39
4157	127	179	8
4158	127	180	11
4159	127	174	83
4160	127	183	16
4161	127	190	14
4162	127	205	21
4163	127	207	11
4164	127	208	6
4165	127	209	15
4166	127	206	27
4167	127	210	13
4168	127	211	5
4169	127	212	10
4170	127	213	13
4171	127	221	22
4172	127	231	24
4173	127	222	71
4174	127	232	14
4175	127	233	26
4176	127	220	271
4177	127	223	158
4178	127	234	29
4179	127	235	23
4180	127	239	47
4181	127	236	20
4182	127	244	19
4183	127	245	51
4184	127	241	87
4185	127	243	212
4186	128	131	29
4187	128	132	29
4188	128	134	84
4189	128	136	36
4190	128	138	62
4191	128	135	64
4192	128	140	24
4193	128	141	16
4194	128	145	0
4195	128	142	33
4196	128	147	4
4197	128	143	60
4198	128	144	45
4199	128	150	2
4200	128	149	14
4201	128	148	41
4202	128	153	3
4203	128	152	2
4204	128	154	1
4205	128	155	3
4206	128	156	3
4207	128	157	0
4208	128	158	2
4209	128	159	0
4210	128	146	195
4211	128	160	1
4212	128	162	1
4213	128	161	3
4214	128	163	13
4215	128	164	4
4216	128	165	0
4217	128	166	2
4218	128	167	8
4219	128	168	3
4220	128	169	0
4221	128	170	4
4222	128	171	2
4223	128	175	4
4224	128	177	0
4225	128	178	0
4226	128	176	24
4227	128	174	43
4228	128	179	5
4229	128	183	1
4230	128	180	5
4231	128	190	6
4232	128	205	6
4233	128	207	4
4234	128	206	10
4235	128	208	3
4236	128	209	1
4237	128	210	6
4238	128	211	1
4239	128	212	4
4240	128	213	4
4241	128	221	6
4242	128	231	7
4243	128	222	20
4244	128	232	4
4245	128	233	1
4246	128	234	4
4247	128	235	1
4248	128	223	84
4249	128	220	165
4250	128	236	4
4251	128	239	34
4252	128	244	7
4253	128	245	15
4254	128	241	58
4255	128	243	225
4256	131	132	107
4257	131	136	156
4258	131	134	276
4259	131	140	101
4260	131	138	319
4261	131	135	238
4262	131	141	74
4263	131	145	2
4264	131	142	140
4265	131	147	17
4266	131	144	157
4267	131	143	174
4268	131	150	19
4269	131	149	32
4270	131	152	30
4271	131	153	16
4272	131	148	163
4273	131	154	11
4274	131	155	32
4275	131	156	16
4276	131	157	13
4277	131	158	14
4278	131	146	586
4279	131	159	21
4280	131	160	19
4281	131	162	19
4282	131	161	29
4283	131	164	20
4284	131	163	56
4285	131	165	17
4286	131	166	26
4287	131	169	13
4288	131	167	37
4289	131	168	41
4290	131	170	23
4291	131	171	13
4292	131	175	26
4293	131	177	5
4294	131	178	0
4295	131	176	79
4296	131	179	27
4297	131	180	23
4298	131	183	17
4299	131	174	170
4300	131	190	16
4301	131	205	23
4302	131	207	18
4303	131	208	19
4304	131	209	22
4305	131	206	42
4306	131	210	31
4307	131	211	12
4308	131	212	16
4309	131	213	24
4310	131	221	26
4311	131	231	25
4312	131	222	121
4313	131	232	18
4314	131	233	33
4315	131	234	22
4316	131	235	19
4317	131	220	482
4318	131	223	294
4319	131	236	20
4320	131	239	66
4321	131	244	18
4322	131	245	82
4323	131	241	189
4324	131	243	375
4325	132	136	106
4326	132	134	258
4327	132	140	75
4328	132	135	209
4329	132	141	70
4330	132	138	140
4331	132	145	2
4332	132	142	85
4333	132	143	119
4334	132	147	10
4335	132	144	118
4336	132	150	12
4337	132	149	40
4338	132	152	27
4339	132	153	14
4340	132	148	92
4341	132	154	14
4342	132	156	9
4343	132	155	23
4344	132	157	16
4345	132	146	422
4346	132	158	4
4347	132	159	20
4348	132	160	10
4349	132	162	12
4350	132	161	16
4351	132	164	28
4352	132	163	38
4353	132	165	11
4354	132	166	28
4355	132	167	21
4356	132	169	6
4357	132	168	39
4358	132	170	15
4359	132	171	12
4360	132	175	33
4361	132	177	6
4362	132	178	0
4363	132	176	72
4364	132	179	20
4365	132	180	29
4366	132	174	99
4367	132	183	10
4368	132	190	6
4369	132	205	17
4370	132	207	17
4371	132	208	9
4372	132	206	38
4373	132	209	19
4374	132	210	27
4375	132	211	8
4376	132	212	15
4377	132	213	10
4378	132	221	22
4379	132	231	20
4380	132	222	99
4381	132	232	9
4382	132	233	17
4383	132	234	22
4384	132	235	13
4385	132	223	256
4386	132	220	488
4387	132	236	22
4388	132	239	64
4389	132	244	12
4390	132	245	93
4391	132	241	169
4392	132	243	399
4393	134	140	194
4394	134	136	418
4395	134	141	178
4396	134	138	542
4397	134	135	659
4398	134	145	2
4399	134	142	259
4400	134	147	39
4401	134	143	442
4402	134	144	324
4403	134	150	31
4404	134	149	88
4405	134	152	51
4406	134	148	313
4407	134	153	46
4408	134	154	27
4409	134	155	48
4410	134	156	33
4411	134	157	24
4412	134	158	23
4413	134	159	20
4414	134	160	19
4415	134	161	57
4416	134	162	45
4417	134	146	1318
4418	134	163	95
4419	134	164	37
4420	134	165	34
4421	134	166	67
4422	134	169	28
4423	134	167	75
4424	134	168	61
4425	134	171	32
4426	134	170	55
4427	134	177	5
4428	134	175	63
4429	134	178	0
4430	134	179	46
4431	134	176	168
4432	134	180	60
4433	134	183	42
4434	134	190	55
4435	134	174	268
4436	134	205	81
4437	134	207	49
4438	134	208	40
4439	134	209	60
4440	134	206	124
4441	134	210	85
4442	134	211	33
4443	134	212	48
4444	134	213	58
4445	134	221	87
4446	134	231	49
4447	134	222	318
4448	134	232	35
4449	134	233	32
4450	134	234	39
4451	134	235	29
4452	134	236	38
4453	134	239	165
4454	134	223	861
4455	134	220	1302
4456	134	244	36
4457	134	245	205
4458	134	241	516
4459	134	243	1059
4460	135	140	151
4461	135	136	395
4462	135	138	381
4463	135	141	151
4464	135	145	2
4465	135	142	217
4466	135	147	32
4467	135	143	350
4468	135	144	295
4469	135	150	21
4470	135	149	87
4471	135	153	39
4472	135	152	58
4473	135	148	282
4474	135	154	41
4475	135	155	46
4476	135	157	44
4477	135	156	48
4478	135	158	18
4479	135	159	33
4480	135	160	28
4481	135	161	59
4482	135	162	71
4483	135	146	975
4484	135	164	59
4485	135	163	105
4486	135	165	32
4487	135	166	65
4488	135	169	23
4489	135	167	105
4490	135	168	78
4491	135	171	33
4492	135	170	70
4493	135	175	47
4494	135	178	3
4495	135	177	4
4496	135	180	57
4497	135	176	135
4498	135	179	49
4499	135	183	23
4500	135	174	234
4501	135	190	43
4502	135	205	74
4503	135	208	37
4504	135	207	50
4505	135	209	50
4506	135	206	90
4507	135	211	18
4508	135	210	80
4509	135	212	41
4510	135	213	45
4511	135	221	53
4512	135	231	67
4513	135	222	209
4514	135	232	49
4515	135	233	67
4516	135	234	76
4517	135	235	36
4518	135	236	52
4519	135	223	589
4520	135	239	149
4521	135	220	1059
4522	135	244	47
4523	135	245	198
4524	135	241	390
4525	135	243	998
4526	136	140	110
4527	136	138	232
4528	136	141	98
4529	136	142	143
4530	136	144	205
4531	136	145	0
4532	136	143	273
4533	136	147	18
4534	136	150	11
4535	136	149	44
4536	136	152	28
4537	136	153	22
4538	136	148	131
4539	136	154	12
4540	136	155	29
4541	136	156	26
4542	136	157	12
4543	136	158	9
4544	136	159	9
4545	136	160	14
4546	136	161	31
4547	136	162	18
4548	136	163	60
4549	136	165	20
4550	136	164	37
4551	136	166	48
4552	136	167	47
4553	136	168	35
4554	136	169	14
4555	136	146	662
4556	136	171	24
4557	136	170	28
4558	136	177	5
4559	136	175	33
4560	136	178	0
4561	136	176	63
4562	136	180	29
4563	136	179	27
4564	136	174	192
4565	136	183	16
4566	136	190	28
4567	136	205	41
4568	136	207	26
4569	136	208	32
4570	136	206	40
4571	136	209	37
4572	136	211	17
4573	136	210	35
4574	136	213	28
4575	136	212	26
4576	136	221	44
4577	136	231	29
4578	136	222	157
4579	136	232	13
4580	136	233	24
4581	136	234	25
4582	136	235	15
4583	136	236	30
4584	136	239	81
4585	136	223	398
4586	136	244	23
4587	136	220	579
4588	136	241	225
4589	136	245	121
4590	136	243	566
4591	138	140	184
4592	138	141	152
4593	138	145	3
4594	138	143	366
4595	138	142	237
4596	138	147	50
4597	138	144	308
4598	138	149	63
4599	138	150	27
4600	138	153	40
4601	138	148	245
4602	138	152	50
4603	138	154	30
4604	138	155	49
4605	138	156	33
4606	138	146	969
4607	138	157	32
4608	138	158	17
4609	138	159	27
4610	138	160	19
4611	138	162	64
4612	138	161	41
4613	138	164	75
4614	138	163	97
4615	138	165	37
4616	138	166	82
4617	138	167	61
4618	138	169	30
4619	138	168	76
4620	138	175	34
4621	138	170	42
4622	138	171	37
4623	138	178	0
4624	138	177	1
4625	138	180	28
4626	138	179	28
4627	138	176	79
4628	138	183	30
4629	138	190	39
4630	138	205	52
4631	138	174	340
4632	138	207	37
4633	138	206	106
4634	138	208	44
4635	138	209	35
4636	138	210	66
4637	138	211	18
4638	138	212	35
4639	138	213	38
4640	138	221	47
4641	138	231	49
4642	138	222	258
4643	138	232	26
4644	138	233	49
4645	138	220	728
4646	138	234	48
4647	138	223	520
4648	138	235	34
4649	138	236	35
4650	138	239	140
4651	138	244	43
4652	138	245	132
4653	138	241	292
4654	138	243	639
4655	140	141	109
4656	140	145	2
4657	140	142	115
4658	140	147	25
4659	140	143	196
4660	140	144	172
4661	140	149	29
4662	140	150	6
4663	140	152	29
4664	140	153	9
4665	140	148	102
4666	140	154	9
4667	140	155	16
4668	140	156	13
4669	140	157	16
4670	140	158	2
4671	140	146	498
4672	140	159	14
4673	140	160	9
4674	140	162	25
4675	140	161	22
4676	140	163	41
4677	140	164	17
4678	140	165	13
4679	140	166	25
4680	140	167	26
4681	140	169	6
4682	140	168	23
4683	140	170	19
4684	140	175	23
4685	140	171	15
4686	140	177	2
4687	140	178	0
4688	140	176	45
4689	140	179	25
4690	140	180	15
4691	140	183	11
4692	140	190	14
4693	140	205	23
4694	140	174	121
4695	140	207	10
4696	140	208	15
4697	140	209	12
4698	140	206	28
4699	140	210	22
4700	140	211	5
4701	140	212	15
4702	140	213	10
4703	140	221	21
4704	140	231	19
4705	140	222	87
4706	140	232	17
4707	140	233	21
4708	140	220	255
4709	140	234	21
4710	140	223	197
4711	140	235	7
4712	140	236	18
4713	140	239	70
4714	140	244	9
4715	140	245	62
4716	140	241	110
4717	140	243	219
4718	141	145	3
4719	141	142	103
4720	141	147	33
4721	141	143	174
4722	141	144	175
4723	141	149	28
4724	141	150	10
4725	141	148	103
4726	141	153	13
4727	141	152	14
4728	141	154	11
4729	141	155	18
4730	141	156	5
4731	141	157	14
4732	141	158	5
4733	141	159	3
4734	141	146	402
4735	141	160	2
4736	141	162	13
4737	141	161	20
4738	141	164	17
4739	141	163	16
4740	141	165	10
4741	141	166	21
4742	141	169	3
4743	141	167	28
4744	141	168	27
4745	141	170	7
4746	141	171	7
4747	141	175	11
4748	141	177	1
4749	141	178	0
4750	141	176	47
4751	141	180	7
4752	141	179	8
4753	141	183	7
4754	141	190	10
4755	141	174	106
4756	141	205	20
4757	141	208	12
4758	141	207	5
4759	141	206	35
4760	141	209	12
4761	141	211	6
4762	141	210	30
4763	141	212	16
4764	141	213	14
4765	141	221	21
4766	141	231	9
4767	141	222	80
4768	141	232	8
4769	141	233	14
4770	141	234	18
4771	141	235	6
4772	141	220	304
4773	141	223	191
4774	141	236	7
4775	141	239	73
4776	141	244	22
4777	141	245	50
4778	141	241	98
4779	141	243	230
4780	142	145	0
4781	142	147	31
4782	142	143	225
4783	142	144	181
4784	142	149	29
4785	142	150	14
4786	142	153	16
4787	142	148	223
4788	142	152	24
4789	142	154	13
4790	142	155	23
4791	142	156	20
4792	142	146	517
4793	142	157	16
4794	142	158	12
4795	142	159	7
4796	142	160	6
4797	142	162	26
4798	142	161	21
4799	142	164	16
4800	142	163	36
4801	142	165	10
4802	142	166	28
4803	142	169	10
4804	142	167	36
4805	142	168	27
4806	142	170	22
4807	142	175	17
4808	142	171	15
4809	142	177	6
4810	142	178	0
4811	142	179	16
4812	142	180	22
4813	142	176	57
4814	142	183	21
4815	142	190	25
4816	142	205	32
4817	142	207	15
4818	142	174	166
4819	142	208	12
4820	142	206	44
4821	142	209	19
4822	142	210	24
4823	142	211	6
4824	142	212	24
4825	142	213	13
4826	142	221	22
4827	142	231	21
4828	142	222	119
4829	142	232	10
4830	142	233	29
4831	142	220	372
4832	142	234	21
4833	142	235	19
4834	142	223	269
4835	142	236	22
4836	142	239	76
4837	142	244	19
4838	142	245	80
4839	142	241	152
4840	142	243	333
4841	143	145	5
4842	143	147	42
4843	143	144	347
4844	143	150	21
4845	143	149	59
4846	143	148	231
4847	143	153	22
4848	143	152	35
4849	143	154	29
4850	143	155	48
4851	143	157	37
4852	143	156	34
4853	143	158	17
4854	143	159	17
4855	143	160	9
4856	143	162	33
4857	143	146	1020
4858	143	161	40
4859	143	163	85
4860	143	165	18
4861	143	164	43
4862	143	166	55
4863	143	169	20
4864	143	167	51
4865	143	168	46
4866	143	170	36
4867	143	171	41
4868	143	177	5
4869	143	175	38
4870	143	178	0
4871	143	176	112
4872	143	179	39
4873	143	180	31
4874	143	183	23
4875	143	190	36
4876	143	174	245
4877	143	205	57
4878	143	207	33
4879	143	208	35
4880	143	209	32
4881	143	206	62
4882	143	211	18
4883	143	210	45
4884	143	212	37
4885	143	213	36
4886	143	221	43
4887	143	231	32
4888	143	222	183
4889	143	232	16
4890	143	233	36
4891	143	234	41
4892	143	235	22
4893	143	220	725
4894	143	236	31
4895	143	223	489
4896	143	239	143
4897	143	244	36
4898	143	245	146
4899	143	241	290
4900	143	243	685
4901	144	145	0
4902	144	147	42
4903	144	150	11
4904	144	149	40
4905	144	152	33
4906	144	148	214
4907	144	153	13
4908	144	154	12
4909	144	155	35
4910	144	156	16
4911	144	146	773
4912	144	157	18
4913	144	158	18
4914	144	159	16
4915	144	160	16
4916	144	161	29
4917	144	162	28
4918	144	164	34
4919	144	163	52
4920	144	165	15
4921	144	166	46
4922	144	169	10
4923	144	167	43
4924	144	168	35
4925	144	170	35
4926	144	175	30
4927	144	171	25
4928	144	177	3
4929	144	178	0
4930	144	179	21
4931	144	180	24
4932	144	176	64
4933	144	183	14
4934	144	190	38
4935	144	205	49
4936	144	207	25
4937	144	208	27
4938	144	174	192
4939	144	206	69
4940	144	209	27
4941	144	211	13
4942	144	210	54
4943	144	212	31
4944	144	213	39
4945	144	221	34
4946	144	231	43
4947	144	222	160
4948	144	232	32
4949	144	233	40
4950	144	220	537
4951	144	234	36
4952	144	235	17
4953	144	223	395
4954	144	236	28
4955	144	239	107
4956	144	244	27
4957	144	245	113
4958	144	241	236
4959	144	243	491
4960	145	147	0
4961	145	150	0
4962	145	148	2
4963	145	149	0
4964	145	146	13
4965	145	152	0
4966	145	154	0
4967	145	153	1
4968	145	155	0
4969	145	158	0
4970	145	156	0
4971	145	157	0
4972	145	159	0
4973	145	160	0
4974	145	161	1
4975	145	162	0
4976	145	163	1
4977	145	164	0
4978	145	165	0
4979	145	166	0
4980	145	167	0
4981	145	169	1
4982	145	168	0
4983	145	170	0
4984	145	171	0
4985	145	175	0
4986	145	176	3
4987	145	177	0
4988	145	174	5
4989	145	178	0
4990	145	179	0
4991	145	180	0
4992	145	183	0
4993	145	190	0
4994	145	205	0
4995	145	207	0
4996	145	206	0
4997	145	208	0
4998	145	209	0
4999	145	210	0
5000	145	211	0
5001	145	212	0
5002	145	213	0
5003	145	221	0
5004	145	222	3
5005	145	231	0
5006	145	220	3
5007	145	232	0
5008	145	223	0
5009	145	233	0
5010	145	234	0
5011	145	235	0
5012	145	236	0
5013	145	239	1
5014	145	244	1
5015	145	241	2
5016	145	245	0
5017	145	243	9
5018	146	147	77
5019	146	149	148
5020	146	150	59
5021	146	148	581
5022	146	152	87
5023	146	153	63
5024	146	154	60
5025	146	155	101
5026	146	156	96
5027	146	157	58
5028	146	158	27
5029	146	159	32
5030	146	160	35
5031	146	161	81
5032	146	162	73
5033	146	164	83
5034	146	163	153
5035	146	165	54
5036	146	166	123
5037	146	167	110
5038	146	169	28
5039	146	168	123
5040	146	171	74
5041	146	170	87
5042	146	175	117
5043	146	177	9
5044	146	178	1
5045	146	180	118
5046	146	179	104
5047	146	176	272
5048	146	183	65
5049	146	190	90
5050	146	174	580
5051	146	205	124
5052	146	207	104
5053	146	208	81
5054	146	209	106
5055	146	206	188
5056	146	210	128
5057	146	211	40
5058	146	212	89
5059	146	213	95
5060	146	221	159
5061	146	231	95
5062	146	222	544
5063	146	232	85
5064	146	233	97
5065	146	234	73
5066	146	235	66
5067	146	236	55
5068	146	223	1495
5069	146	220	2099
5070	146	239	287
5071	146	244	93
5072	146	245	435
5073	146	241	871
5074	147	149	2
5075	147	150	0
5076	147	148	15
5077	147	152	2
5078	147	153	1
5079	147	154	1
5080	147	155	5
5081	147	156	0
5082	147	157	0
5083	147	158	0
5084	147	159	1
5085	147	160	0
5086	147	161	1
5087	147	162	2
5088	147	163	10
5089	147	164	2
5090	147	165	0
5091	147	166	7
5092	147	167	5
5093	147	168	3
5094	147	169	1
5095	147	170	1
5096	147	171	1
5097	147	175	2
5098	147	176	5
5099	146	243	2049
5100	147	177	0
5101	147	174	24
5102	147	178	0
5103	147	179	0
5104	147	180	0
5105	147	183	0
5106	147	190	4
5107	147	205	1
5108	147	207	1
5109	147	206	7
5110	147	208	0
5111	147	209	1
5112	147	211	0
5113	147	210	3
5114	147	212	0
5115	147	213	1
5116	147	221	1
5117	147	222	16
5118	147	231	0
5119	147	232	1
5120	147	233	1
5121	147	220	57
5122	147	223	34
5123	147	234	3
5124	147	235	0
5125	147	236	1
5126	147	239	8
5127	147	244	0
5128	147	245	11
5129	147	241	19
5130	147	243	51
5131	148	150	15
5132	148	149	40
5133	148	152	28
5134	148	153	15
5135	148	154	24
5136	148	157	18
5137	148	155	20
5138	148	156	26
5139	148	158	4
5140	148	159	9
5141	148	160	15
5142	148	162	15
5143	148	161	14
5144	148	164	20
5145	148	163	53
5146	148	165	6
5147	148	166	43
5148	148	169	8
5149	148	167	34
5150	148	168	39
5151	148	170	21
5152	148	175	16
5153	148	171	18
5154	148	177	1
5155	148	178	0
5156	148	180	21
5157	148	179	26
5158	148	176	59
5159	148	183	13
5160	148	190	18
5161	148	205	19
5162	148	207	18
5163	148	174	177
5164	148	208	20
5165	148	206	35
5166	148	209	22
5167	148	210	33
5168	148	211	10
5169	148	212	27
5170	148	213	24
5171	148	221	25
5172	148	231	31
5173	148	222	115
5174	148	232	24
5175	148	233	24
5176	148	234	33
5177	148	220	442
5178	148	235	17
5179	148	223	305
5180	148	236	18
5181	148	239	96
5182	148	244	19
5183	148	245	103
5184	148	241	186
5185	148	243	398
5186	149	150	4
5187	149	152	7
5188	149	153	4
5189	149	154	4
5190	149	155	5
5191	149	157	0
5192	149	156	3
5193	149	158	1
5194	149	159	0
5195	149	160	3
5196	149	161	7
5197	149	162	3
5198	149	164	5
5199	149	163	7
5200	149	165	2
5201	149	166	13
5202	149	169	6
5203	149	167	6
5204	149	168	6
5205	149	170	10
5206	149	171	2
5207	149	175	10
5208	149	177	4
5209	149	178	0
5210	149	176	25
5211	149	179	14
5212	149	180	14
5213	149	183	3
5214	149	174	39
5215	149	190	5
5216	149	205	8
5217	149	207	2
5218	149	206	8
5219	149	208	4
5220	149	209	6
5221	149	210	5
5222	149	211	1
5223	149	212	3
5224	149	213	7
5225	149	221	4
5226	149	231	10
5227	149	222	32
5228	149	232	7
5229	149	233	2
5230	149	234	8
5231	149	235	3
5232	149	220	145
5233	149	223	100
5234	149	236	0
5235	149	239	15
5236	149	244	6
5237	149	245	21
5238	149	241	60
5239	149	243	113
5240	150	152	3
5241	150	153	0
5242	150	154	1
5243	150	155	2
5244	150	156	0
5245	150	157	0
5246	150	158	0
5247	150	159	1
5248	150	160	0
5249	150	162	0
5250	150	161	1
5251	150	163	5
5252	150	164	2
5253	150	165	1
5254	150	166	2
5255	150	167	5
5256	150	169	1
5257	150	168	6
5258	150	170	4
5259	150	175	1
5260	150	171	1
5261	150	177	0
5262	150	178	0
5263	150	176	5
5264	150	174	13
5265	150	183	0
5266	150	179	1
5267	150	180	1
5268	150	190	0
5269	150	205	2
5270	150	207	0
5271	150	206	1
5272	150	208	0
5273	150	209	0
5274	150	210	1
5275	150	211	0
5276	150	212	2
5277	150	213	0
5278	150	221	4
5279	150	222	10
5280	150	231	3
5281	150	232	0
5282	150	233	1
5283	150	220	42
5284	150	223	34
5285	150	234	1
5286	150	235	2
5287	150	236	0
5288	150	239	6
5289	150	244	0
5290	150	245	13
5291	150	241	14
5292	150	243	29
5293	152	153	27
5294	152	154	21
5295	152	157	19
5296	152	155	30
5297	152	156	23
5298	152	158	8
5299	152	159	21
5300	152	160	7
5301	152	162	26
5302	152	161	30
5303	152	164	16
5304	152	165	15
5305	152	163	48
5306	152	166	51
5307	152	169	13
5308	152	167	35
5309	152	168	36
5310	152	170	25
5311	152	171	19
5312	152	175	5
5313	152	177	0
5314	152	178	0
5315	152	176	14
5316	152	179	4
5317	152	180	1
5318	152	183	2
5319	152	174	20
5320	152	190	2
5321	152	205	2
5322	152	207	4
5323	152	206	13
5324	152	208	2
5325	152	209	5
5326	152	210	6
5327	152	211	3
5328	152	212	1
5329	152	213	6
5330	152	221	3
5331	152	222	26
5332	152	231	20
5333	152	232	10
5334	152	220	127
5335	152	223	61
5336	152	233	24
5337	152	235	9
5338	152	234	26
5339	152	239	16
5340	152	236	13
5341	152	244	6
5342	152	245	16
5343	152	241	29
5344	152	243	92
5345	153	154	10
5346	153	155	26
5347	153	157	11
5348	153	156	15
5349	153	158	6
5350	153	159	1
5351	153	160	7
5352	153	162	26
5353	153	161	24
5354	153	164	22
5355	153	163	32
5356	153	165	18
5357	153	166	31
5358	153	169	10
5359	153	167	25
5360	153	168	23
5361	153	170	23
5362	153	175	1
5363	153	171	8
5364	153	177	0
5365	153	178	0
5366	153	176	6
5367	153	180	2
5368	153	179	1
5369	153	183	0
5370	153	174	19
5371	153	190	0
5372	153	205	1
5373	153	207	2
5374	153	206	5
5375	153	208	1
5376	153	209	2
5377	153	210	1
5378	153	211	1
5379	153	212	6
5380	153	213	3
5381	153	221	1
5382	153	222	13
5383	153	231	14
5384	153	232	17
5385	153	220	103
5386	153	223	40
5387	153	233	13
5388	153	235	16
5389	153	234	9
5390	153	239	12
5391	153	236	9
5392	153	244	1
5393	153	245	5
5394	153	241	24
5395	153	243	58
5396	154	155	17
5397	154	158	6
5398	154	157	12
5399	154	156	21
5400	154	159	11
5401	154	160	6
5402	154	162	11
5403	154	161	19
5404	154	164	14
5405	154	163	28
5406	154	165	7
5407	154	166	25
5408	154	169	4
5409	154	167	25
5410	154	168	21
5411	154	170	19
5412	154	175	2
5413	154	171	10
5414	154	178	0
5415	154	177	1
5416	154	176	6
5417	154	180	4
5418	154	179	2
5419	154	183	0
5420	154	174	17
5421	154	190	0
5422	154	205	0
5423	154	207	0
5424	154	206	5
5425	154	208	0
5426	154	209	1
5427	154	211	1
5428	154	210	2
5429	154	212	0
5430	154	213	1
5431	154	221	1
5432	154	222	10
5433	154	231	14
5434	154	220	68
5435	154	232	10
5436	154	223	14
5437	154	233	17
5438	154	235	6
5439	154	234	9
5440	154	236	19
5441	154	239	13
5442	154	244	1
5443	154	245	8
5444	154	241	18
5445	154	243	47
5446	155	157	11
5447	155	156	15
5448	155	158	6
5449	155	159	13
5450	155	160	15
5451	155	162	26
5452	155	161	23
5453	155	163	48
5454	155	164	32
5455	155	165	27
5456	155	166	42
5457	155	169	12
5458	155	168	42
5459	155	167	32
5460	155	175	5
5461	155	170	34
5462	155	171	20
5463	155	177	0
5464	155	178	0
5465	155	176	9
5466	155	179	2
5467	155	180	4
5468	155	183	2
5469	155	190	8
5470	155	174	27
5471	155	205	7
5472	155	207	6
5473	155	208	1
5474	155	206	10
5475	155	209	3
5476	155	210	6
5477	155	211	0
5478	155	212	4
5479	155	213	11
5480	155	221	4
5481	155	222	33
5482	155	231	25
5483	155	232	31
5484	155	220	124
5485	155	223	69
5486	155	233	22
5487	155	235	15
5488	155	234	18
5489	155	239	23
5490	155	236	12
5491	155	244	2
5492	155	245	14
5493	155	241	45
5494	155	243	101
5495	156	157	14
5496	156	158	9
5497	156	159	12
5498	156	160	10
5499	156	162	19
5500	156	161	11
5501	156	163	47
5502	156	164	23
5503	156	165	14
5504	156	166	28
5505	156	169	9
5506	156	167	25
5507	156	168	26
5508	156	175	4
5509	156	170	21
5510	156	171	12
5511	156	177	0
5512	156	178	0
5513	156	176	9
5514	156	179	1
5515	156	180	2
5516	156	183	1
5517	156	190	0
5518	156	174	23
5519	156	205	4
5520	156	207	0
5521	156	208	1
5522	156	209	3
5523	156	206	7
5524	156	210	3
5525	156	211	1
5526	156	212	2
5527	156	213	2
5528	156	221	2
5529	156	222	9
5530	156	231	15
5531	156	232	16
5532	156	220	72
5533	156	223	24
5534	156	233	19
5535	156	235	12
5536	156	234	15
5537	156	236	17
5538	156	239	10
5539	156	244	3
5540	156	245	16
5541	156	241	31
5542	156	243	48
5543	157	158	7
5544	157	159	5
5545	157	160	8
5546	157	162	13
5547	157	161	16
5548	157	163	21
5549	157	164	19
5550	157	165	6
5551	157	166	34
5552	157	169	5
5553	157	167	23
5554	157	168	20
5555	157	175	4
5556	157	170	15
5557	157	171	18
5558	157	177	0
5559	157	178	0
5560	157	176	8
5561	157	179	1
5562	157	180	1
5563	157	183	2
5564	157	174	25
5565	157	190	2
5566	157	205	1
5567	157	207	0
5568	157	208	0
5569	157	206	6
5570	157	209	2
5571	157	210	3
5572	157	211	0
5573	157	212	0
5574	157	213	4
5575	157	221	4
5576	157	222	9
5577	157	231	19
5578	157	220	66
5579	157	232	14
5580	157	223	38
5581	157	233	10
5582	157	235	3
5583	157	234	14
5584	157	239	6
5585	157	236	13
5586	157	244	1
5587	157	245	8
5588	157	241	18
5589	157	243	42
5590	158	159	2
5591	158	160	0
5592	158	162	4
5593	158	161	10
5594	158	163	21
5595	158	164	10
5596	158	165	6
5597	158	166	22
5598	158	169	1
5599	158	167	17
5600	158	168	10
5601	158	170	12
5602	158	175	0
5603	158	171	6
5604	158	177	0
5605	158	178	0
5606	158	176	2
5607	158	179	0
5608	158	180	3
5609	158	174	8
5610	158	183	0
5611	158	190	0
5612	158	205	1
5613	158	207	1
5614	158	206	3
5615	158	208	0
5616	158	209	0
5617	158	210	1
5618	158	211	0
5619	158	212	0
5620	158	213	0
5621	158	221	1
5622	158	222	10
5623	158	231	13
5624	158	220	26
5625	158	232	7
5626	158	223	16
5627	158	233	7
5628	158	234	1
5629	158	235	3
5630	158	236	4
5631	158	239	7
5632	158	244	0
5633	158	245	8
5634	158	241	6
5635	158	243	26
5636	159	160	6
5637	159	162	6
5638	159	161	20
5639	159	163	22
5640	159	164	11
5641	159	165	5
5642	159	166	17
5643	159	169	9
5644	159	167	20
5645	159	168	21
5646	159	170	18
5647	159	175	2
5648	159	171	7
5649	159	177	0
5650	159	178	0
5651	159	176	4
5652	159	179	1
5653	159	174	16
5654	159	180	1
5655	159	183	0
5656	159	190	0
5657	159	205	0
5658	159	207	1
5659	159	206	3
5660	159	208	1
5661	159	209	2
5662	159	210	1
5663	159	211	0
5664	159	212	0
5665	159	213	1
5666	159	221	1
5667	159	222	9
5668	159	231	7
5669	159	220	51
5670	159	232	6
5671	159	223	19
5672	159	233	13
5673	159	234	4
5674	159	235	5
5675	159	236	9
5676	159	239	6
5677	159	244	0
5678	159	245	8
5679	159	241	14
5680	159	243	43
5681	160	162	12
5682	160	161	10
5683	160	163	34
5684	160	164	9
5685	160	165	10
5686	160	166	18
5687	160	169	4
5688	160	167	24
5689	160	168	23
5690	160	170	15
5691	160	175	1
5692	160	171	10
5693	160	177	0
5694	160	178	0
5695	160	176	2
5696	160	179	0
5697	160	180	0
5698	160	174	10
5699	160	183	0
5700	160	190	0
5701	160	205	0
5702	160	207	1
5703	160	206	4
5704	160	208	0
5705	160	209	2
5706	160	210	1
5707	160	211	0
5708	160	212	0
5709	160	213	0
5710	160	221	1
5711	160	222	4
5712	160	231	7
5713	160	220	43
5714	160	232	5
5715	160	223	15
5716	160	233	14
5717	160	234	7
5718	160	235	4
5719	160	239	14
5720	160	236	11
5721	160	244	0
5722	160	245	3
5723	160	241	16
5724	160	243	41
5725	161	162	23
5726	161	163	62
5727	161	165	16
5728	161	164	26
5729	161	166	30
5730	161	169	16
5731	161	167	33
5732	161	168	35
5733	161	170	19
5734	161	175	1
5735	161	171	10
5736	161	177	0
5737	161	178	0
5738	161	176	12
5739	161	180	1
5740	161	179	2
5741	161	183	1
5742	161	190	1
5743	161	174	32
5744	161	205	1
5745	161	207	0
5746	161	208	0
5747	161	209	4
5748	161	206	7
5749	161	211	1
5750	161	210	4
5751	161	212	6
5752	161	213	3
5753	161	221	2
5754	161	222	12
5755	161	231	18
5756	161	232	13
5757	161	220	102
5758	161	223	45
5759	161	233	23
5760	161	235	19
5761	161	234	16
5762	161	239	11
5763	161	236	16
5764	161	244	0
5765	161	245	12
5766	161	241	26
5767	161	243	77
5768	162	163	37
5769	162	165	13
5770	162	164	27
5771	162	166	28
5772	162	169	13
5773	162	167	33
5774	162	168	27
5775	162	175	2
5776	162	171	12
5777	162	170	34
5778	162	177	0
5779	162	178	0
5780	162	176	7
5781	162	179	2
5782	162	180	1
5783	162	174	24
5784	162	183	0
5785	162	190	1
5786	162	205	3
5787	162	207	3
5788	162	208	0
5789	162	206	12
5790	162	209	3
5791	162	210	3
5792	162	211	2
5793	162	212	2
5794	162	213	3
5795	162	221	3
5796	162	222	15
5797	162	231	18
5798	162	220	105
5799	162	232	12
5800	162	223	34
5801	162	233	16
5802	162	235	15
5803	162	234	22
5804	162	239	17
5805	162	236	19
5806	162	244	2
5807	162	245	5
5808	162	241	27
5809	162	243	64
5810	163	164	47
5811	163	165	38
5812	163	166	49
5813	163	169	19
5814	163	167	67
5815	163	168	76
5816	163	171	31
5817	163	175	12
5818	163	170	55
5819	163	177	2
5820	163	178	0
5821	163	176	24
5822	163	179	6
5823	163	174	59
5824	163	180	10
5825	163	183	3
5826	163	190	12
5827	163	205	10
5828	163	207	5
5829	163	208	6
5830	163	206	37
5831	163	209	8
5832	163	210	12
5833	163	211	8
5834	163	212	13
5835	163	213	13
5836	163	221	11
5837	163	222	40
5838	163	231	38
5839	163	232	34
5840	163	220	216
5841	163	223	120
5842	163	233	47
5843	163	235	27
5844	163	234	31
5845	163	239	28
5846	163	236	25
5847	163	244	3
5848	163	245	24
5849	163	241	73
5850	163	243	132
5851	164	165	18
5852	164	166	32
5853	164	167	37
5854	164	169	19
5855	164	168	39
5856	164	170	33
5857	164	175	4
5858	164	171	20
5859	164	178	0
5860	164	177	0
5861	164	176	12
5862	164	180	2
5863	164	179	4
5864	164	183	3
5865	164	174	32
5866	164	190	3
5867	164	205	6
5868	164	208	1
5869	164	207	2
5870	164	209	2
5871	164	206	6
5872	164	211	0
5873	164	210	2
5874	164	212	3
5875	164	213	1
5876	164	221	4
5877	164	222	21
5878	164	231	35
5879	164	220	121
5880	164	232	18
5881	164	223	41
5882	164	233	32
5883	164	235	8
5884	164	234	17
5885	164	239	11
5886	164	236	17
5887	164	244	4
5888	164	245	10
5889	164	241	31
5890	164	243	68
5891	165	166	34
5892	165	167	23
5893	165	169	4
5894	165	168	29
5895	165	170	22
5896	165	171	9
5897	165	175	4
5898	165	177	0
5899	165	178	0
5900	165	176	3
5901	165	180	2
5902	165	179	1
5903	165	183	0
5904	165	174	14
5905	165	190	0
5906	165	205	2
5907	165	207	2
5908	165	208	0
5909	165	206	3
5910	165	209	0
5911	165	210	0
5912	165	211	1
5913	165	212	2
5914	165	213	0
5915	165	221	1
5916	165	222	10
5917	165	231	7
5918	165	220	68
5919	165	232	11
5920	165	223	27
5921	165	233	15
5922	165	234	7
5923	165	235	6
5924	165	236	9
5925	165	239	3
5926	165	244	0
5927	165	245	11
5928	165	241	18
5929	165	243	45
5930	166	167	50
5931	166	169	24
5932	166	168	65
5933	166	170	40
5934	166	175	4
5935	166	171	25
5936	166	177	2
5937	166	178	0
5938	166	176	20
5939	166	180	3
5940	166	183	4
5941	166	179	1
5942	166	174	36
5943	166	190	0
5944	166	205	4
5945	166	207	5
5946	166	206	14
5947	166	208	3
5948	166	209	3
5949	166	210	4
5950	166	211	2
5951	166	212	6
5952	166	213	4
5953	166	221	9
5954	166	222	25
5955	166	231	32
5956	166	232	33
5957	166	220	146
5958	166	223	64
5959	166	233	32
5960	166	235	20
5961	166	234	27
5962	166	239	25
5963	166	236	31
5964	166	244	5
5965	166	245	21
5966	166	241	51
5967	166	243	120
5968	167	169	25
5969	167	168	44
5970	167	170	46
5971	167	171	28
5972	167	175	5
5973	167	177	0
5974	167	178	0
5975	167	176	10
5976	167	179	5
5977	167	180	8
5978	167	183	2
5979	167	190	3
5980	167	174	57
5981	167	205	5
5982	167	207	4
5983	167	208	5
5984	167	206	13
5985	167	209	1
5986	167	210	4
5987	167	211	0
5988	167	212	4
5989	167	213	7
5990	167	221	2
5991	167	222	24
5992	167	231	38
5993	167	232	21
5994	167	220	158
5995	167	223	59
5996	167	233	39
5997	167	235	11
5998	167	234	29
5999	167	239	18
6000	167	236	30
6001	167	244	5
6002	167	245	13
6003	167	241	37
6004	167	243	114
6005	168	169	12
6006	168	170	39
6007	168	171	24
6008	168	175	7
6009	168	177	0
6010	168	178	0
6011	168	176	16
6012	168	179	3
6013	168	180	6
6014	168	183	0
6015	168	190	4
6016	168	174	43
6017	168	205	4
6018	168	206	9
6019	168	207	4
6020	168	208	1
6021	168	209	5
6022	168	210	9
6023	168	211	4
6024	168	212	2
6025	168	213	6
6026	168	221	6
6027	168	222	29
6028	168	231	28
6029	168	232	21
6030	168	220	138
6031	168	223	81
6032	168	233	40
6033	168	234	23
6034	168	235	21
6035	168	239	16
6036	168	236	27
6037	168	244	3
6038	168	245	22
6039	168	241	44
6040	168	243	120
6041	169	170	12
6042	169	171	3
6043	169	177	0
6044	169	175	1
6045	169	178	0
6046	169	176	5
6047	169	179	1
6048	169	183	0
6049	169	180	0
6050	169	190	1
6051	169	174	16
6052	169	205	0
6053	169	206	4
6054	169	207	1
6055	169	208	0
6056	169	209	2
6057	169	210	1
6058	169	211	1
6059	169	212	0
6060	169	213	0
6061	169	221	1
6062	169	222	9
6063	169	231	10
6064	169	232	11
6065	169	220	38
6066	169	223	24
6067	169	233	8
6068	169	235	4
6069	169	234	7
6070	169	236	5
6071	169	239	5
6072	169	244	0
6073	169	245	2
6074	169	241	13
6075	169	243	40
6076	170	171	18
6077	170	177	0
6078	170	175	1
6079	170	178	0
6080	170	176	14
6081	170	179	5
6082	170	180	3
6083	170	183	0
6084	170	190	3
6085	170	174	39
6086	170	205	6
6087	170	207	4
6088	170	208	2
6089	170	206	14
6090	170	209	2
6091	170	211	0
6092	170	210	2
6093	170	212	2
6094	170	213	3
6095	170	221	5
6096	170	222	23
6097	170	231	30
6098	170	232	19
6099	170	220	109
6100	170	223	50
6101	170	233	23
6102	170	235	17
6103	170	234	32
6104	170	239	16
6105	170	236	15
6106	170	244	2
6107	170	245	11
6108	170	241	30
6109	170	243	82
6110	171	175	3
6111	171	177	0
6112	171	178	0
6113	171	176	6
6114	171	179	2
6115	171	180	1
6116	171	183	2
6117	171	174	20
6118	171	190	1
6119	171	205	1
6120	171	207	1
6121	171	206	4
6122	171	208	0
6123	171	209	2
6124	171	210	4
6125	171	211	1
6126	171	212	1
6127	171	213	2
6128	171	221	2
6129	171	222	13
6130	171	231	18
6131	171	220	74
6132	171	232	11
6133	171	223	25
6134	171	233	23
6135	171	235	7
6136	171	234	17
6137	171	239	11
6138	171	236	7
6139	171	244	1
6140	171	245	10
6141	171	241	19
6142	171	243	50
6143	174	175	26
6144	174	177	3
6145	174	178	0
6146	174	176	67
6147	174	180	26
6148	174	183	12
6149	174	179	15
6150	174	190	16
6151	174	207	25
6152	174	205	34
6153	174	208	22
6154	174	206	56
6155	174	209	19
6156	174	210	32
6157	174	211	9
6158	174	212	18
6159	174	213	19
6160	174	221	34
6161	174	231	29
6162	174	222	140
6163	174	232	22
6164	174	233	33
6165	174	234	32
6166	174	220	492
6167	174	235	19
6168	174	223	323
6169	174	236	14
6170	174	239	87
6171	174	244	33
6172	174	245	102
6173	174	241	172
6174	174	243	446
6175	175	177	2
6176	175	178	0
6177	175	176	22
6178	175	183	2
6179	175	180	9
6180	175	179	8
6181	175	190	4
6182	175	207	0
6183	175	205	4
6184	175	206	7
6185	175	208	2
6186	175	209	0
6187	175	210	6
6188	175	211	1
6189	175	212	3
6190	175	213	3
6191	175	221	6
6192	175	231	5
6193	175	222	27
6194	175	232	5
6195	175	233	1
6196	175	234	2
6197	175	220	113
6198	175	235	3
6199	175	223	73
6200	175	236	6
6201	175	239	8
6202	175	244	4
6203	175	245	25
6204	175	241	38
6205	175	243	101
6206	176	177	2
6207	176	178	0
6208	176	183	7
6209	176	180	27
6210	176	179	21
6211	176	190	8
6212	176	205	16
6213	176	207	7
6214	176	206	23
6215	176	208	1
6216	176	209	8
6217	176	210	11
6218	176	211	10
6219	176	212	6
6220	176	213	7
6221	176	221	14
6222	176	231	10
6223	176	222	55
6224	176	232	8
6225	176	233	11
6226	176	234	13
6227	176	235	9
6228	176	223	173
6229	176	220	284
6230	176	236	10
6231	176	239	37
6232	176	244	7
6233	176	245	60
6234	176	241	99
6235	176	243	241
6236	177	178	0
6237	177	179	0
6238	177	180	0
6239	177	183	0
6240	177	190	0
6241	177	205	0
6242	177	207	0
6243	177	206	0
6244	177	208	0
6245	177	209	0
6246	177	210	0
6247	177	211	0
6248	177	212	0
6249	177	213	0
6250	177	221	0
6251	177	222	1
6252	177	231	0
6253	177	232	0
6254	177	220	12
6255	177	233	0
6256	177	223	8
6257	177	234	0
6258	177	235	0
6259	177	236	0
6260	177	239	1
6261	177	244	0
6262	177	245	1
6263	177	241	4
6264	177	243	10
6265	178	179	0
6266	178	180	0
6267	178	183	0
6268	178	190	0
6269	178	205	0
6270	178	206	0
6271	178	207	0
6272	178	208	0
6273	178	209	0
6274	178	210	0
6275	178	211	0
6276	178	212	0
6277	178	213	0
6278	178	221	0
6279	178	222	0
6280	178	231	0
6281	178	220	1
6282	178	232	0
6283	178	223	1
6284	178	233	0
6285	178	234	0
6286	178	235	0
6287	178	236	0
6288	178	239	0
6289	178	244	0
6290	178	241	0
6291	178	245	0
6292	178	243	0
6293	179	180	11
6294	179	183	1
6295	179	190	4
6296	179	205	2
6297	179	207	1
6298	179	208	0
6299	179	206	7
6300	179	209	6
6301	179	211	1
6302	179	210	6
6303	179	212	0
6304	179	213	2
6305	179	221	5
6306	179	222	25
6307	179	231	5
6308	179	232	1
6309	179	233	7
6310	179	235	0
6311	179	234	3
6312	179	223	65
6313	179	220	93
6314	179	236	2
6315	179	239	13
6316	179	244	3
6317	179	245	15
6318	179	241	33
6319	179	243	111
6320	180	183	1
6321	180	190	3
6322	180	205	4
6323	180	207	4
6324	180	208	0
6325	180	206	7
6326	180	209	2
6327	180	210	6
6328	180	211	1
6329	180	212	2
6330	180	213	2
6331	180	221	9
6332	180	222	15
6333	180	231	4
6334	180	232	4
6335	180	233	2
6336	180	234	3
6337	180	235	1
6338	180	223	89
6339	180	220	113
6340	180	236	0
6341	180	239	15
6342	180	244	3
6343	180	245	18
6344	180	241	28
6345	180	243	113
6346	183	190	0
6347	183	205	0
6348	183	207	1
6349	183	208	0
6350	183	206	3
6351	183	209	1
6352	183	211	1
6353	183	210	1
6354	183	212	1
6355	183	213	0
6356	183	221	3
6357	183	222	16
6358	183	231	0
6359	183	232	1
6360	183	233	2
6361	183	223	27
6362	183	220	72
6363	183	234	1
6364	183	235	1
6365	183	236	0
6366	183	239	5
6367	183	244	0
6368	183	245	5
6369	183	241	18
6370	183	243	43
6371	190	205	8
6372	190	207	10
6373	190	208	0
6374	190	206	15
6375	190	209	9
6376	190	210	9
6377	190	211	2
6378	190	212	3
6379	190	213	6
6380	190	221	3
6381	190	222	24
6382	190	231	0
6383	190	232	4
6384	190	233	1
6385	190	220	75
6386	190	235	2
6387	190	234	0
6388	190	223	50
6389	190	236	2
6390	190	239	15
6391	190	244	5
6392	190	245	14
6393	190	241	39
6394	190	243	85
6395	205	207	6
6396	205	208	4
6397	205	206	36
6398	205	209	11
6399	205	211	3
6400	205	210	15
6401	205	212	10
6402	205	213	16
6403	205	221	6
6404	205	231	6
6405	205	222	25
6406	205	232	2
6407	205	233	8
6408	205	234	4
6409	205	235	2
6410	205	220	120
6411	205	223	63
6412	205	236	3
6413	205	239	18
6414	205	244	3
6415	205	245	27
6416	205	241	42
6417	205	243	118
6418	206	207	16
6419	206	208	6
6420	206	209	26
6421	206	210	27
6422	206	211	4
6423	206	212	12
6424	206	213	14
6425	206	221	9
6426	206	231	7
6427	206	222	54
6428	206	232	6
6429	206	233	11
6430	206	234	10
6431	206	235	6
6432	206	220	202
6433	206	223	140
6434	206	236	7
6435	206	239	23
6436	206	244	10
6437	206	245	29
6438	206	241	70
6439	206	243	129
6440	207	208	4
6441	207	209	6
6442	207	211	0
6443	207	210	7
6444	207	212	6
6445	207	213	9
6446	207	221	3
6447	207	231	3
6448	207	222	26
6449	207	232	1
6450	207	233	3
6451	207	220	74
6452	207	223	60
6453	207	234	4
6454	207	235	0
6455	207	236	0
6456	207	239	9
6457	207	244	1
6458	207	245	11
6459	207	241	31
6460	207	243	83
6461	208	209	7
6462	208	210	8
6463	208	211	1
6464	208	212	5
6465	208	213	2
6466	208	221	2
6467	208	231	0
6468	208	222	12
6469	208	232	0
6470	208	233	2
6471	208	223	32
6472	208	220	57
6473	208	235	1
6474	208	234	3
6475	208	236	1
6476	208	239	6
6477	208	244	0
6478	208	245	9
6479	208	241	22
6480	208	243	61
6481	209	211	2
6482	209	210	11
6483	209	212	6
6484	209	213	6
6485	209	221	5
6486	209	222	23
6487	209	231	4
6488	209	232	1
6489	209	233	2
6490	209	223	64
6491	209	235	2
6492	209	220	89
6493	209	234	1
6494	209	236	3
6495	209	239	17
6496	209	244	2
6497	209	245	19
6498	209	241	30
6499	209	243	64
6500	210	211	5
6501	210	212	5
6502	210	213	9
6503	210	221	5
6504	210	231	1
6505	210	222	34
6506	210	232	1
6507	210	233	6
6508	210	234	2
6509	210	220	124
6510	210	235	0
6511	210	223	77
6512	210	236	5
6513	210	239	21
6514	210	244	4
6515	210	245	21
6516	210	241	55
6517	210	243	85
6518	211	212	6
6519	211	213	1
6520	211	221	3
6521	211	222	14
6522	211	231	0
6523	211	232	1
6524	211	233	0
6525	211	220	34
6526	211	223	26
6527	211	234	1
6528	211	235	2
6529	211	236	1
6530	211	239	7
6531	211	244	0
6532	211	245	10
6533	211	241	20
6534	211	243	33
6535	212	213	6
6536	212	221	4
6537	212	222	27
6538	212	231	4
6539	212	232	1
6540	212	233	2
6541	212	234	2
6542	212	235	1
6543	212	223	67
6544	212	220	87
6545	212	236	1
6546	212	239	10
6547	212	244	0
6548	212	245	14
6549	212	241	19
6550	212	243	70
6551	213	221	3
6552	213	231	6
6553	213	222	36
6554	213	232	4
6555	213	233	4
6556	213	235	2
6557	213	234	6
6558	213	220	93
6559	213	223	41
6560	213	236	3
6561	213	239	14
6562	213	244	2
6563	213	245	18
6564	213	241	26
6565	213	243	101
6566	220	221	156
6567	220	231	114
6568	220	232	81
6569	220	233	86
6570	220	222	514
6571	220	234	122
6572	220	235	69
6573	220	236	87
6574	220	239	259
6575	220	244	77
6576	220	245	458
6577	220	223	1419
6578	220	241	877
6579	220	243	2346
6580	221	231	4
6581	221	222	47
6582	221	232	5
6583	221	233	0
6584	221	234	6
6585	221	235	2
6586	221	236	0
6587	221	223	109
6588	221	239	13
6589	221	244	1
6590	221	245	17
6591	221	241	64
6592	221	243	143
6593	222	231	20
6594	222	232	16
6595	222	233	13
6596	222	234	18
6597	222	235	10
6598	222	236	18
6599	222	239	73
6600	222	223	479
6601	222	244	16
6602	222	245	84
6603	222	241	229
6604	222	243	476
6605	223	231	61
6606	223	232	33
6607	223	233	52
6608	223	234	50
6609	223	235	33
6610	223	236	32
6611	223	239	179
6612	223	244	54
6613	223	245	233
6614	223	241	673
6615	223	243	1587
6616	231	232	22
6617	231	233	35
6618	231	234	28
6619	231	235	15
6620	231	236	30
6621	231	239	10
6622	231	244	5
6623	231	245	9
6624	231	241	25
6625	231	243	61
6626	232	233	23
6627	232	234	23
6628	232	235	13
6629	232	239	13
6630	232	236	21
6631	232	244	2
6632	232	245	6
6633	232	241	31
6634	232	243	50
6635	233	234	25
6636	233	235	20
6637	233	236	34
6638	233	239	9
6639	233	244	2
6640	233	245	15
6641	233	241	32
6642	233	243	65
6643	234	235	17
6644	234	239	16
6645	234	236	35
6646	234	244	1
6647	234	245	11
6648	234	241	27
6649	234	243	51
6650	235	239	7
6651	235	236	25
6652	235	244	1
6653	235	245	5
6654	235	241	20
6655	235	243	48
6656	236	239	17
6657	236	244	1
6658	236	245	14
6659	236	241	30
6660	236	243	69
6661	239	244	22
6662	239	245	69
6663	239	241	107
6664	239	243	218
6665	241	244	20
6666	241	245	169
6667	241	243	945
6668	243	244	94
6669	243	245	454
6670	244	245	21
